Name: sh1a
4 1 2000 1 750.000
480 2000
1 641579.221 3455998.351 4 87 1 0 609 647
2 645681.219 3452643.597 4 36 1 0 895 950
3 646002.895 3446615.762 4 29 1 0 644 702
4 637201.867 3464936.596 4 23 1 0 839 869
5 644510.925 3463872.157 2 70 1 0 925 964
6 633193.411 3442924.269 4 15 1 0 836 880
7 638740.007 3457831.383 1 22 1 0 676 709
8 643543.152 3454373.495 2 18 1 0 544 602
9 642871.539 3449979.741 4 39 1 0 767 817
10 636509.769 3466055.468 3 14 1 0 910 961
11 638890.994 3454911.617 2 50 1 0 968 1023
12 634924.301 3446391.386 4 28 1 0 895 943
13 637404.948 3445564.961 4 20 1 0 872 919
14 640147.268 3453484.707 2 88 1 0 776 829
15 639461.657 3454287.847 4 73 1 0 496 530
16 637800.552 3465152.318 4 10 1 0 818 874
17 636619.040 3456125.255 3 87 1 0 961 1013
18 653501.657 3460065.338 1 10 1 0 865 906
19 646268.419 3462287.350 3 50 1 0 747 777
20 638153.244 3459948.575 1 69 1 0 627 674
21 633910.227 3442548.392 1 95 1 0 750 808
22 638631.287 3455289.292 1 84 1 0 568 608
23 635771.071 3458778.089 3 5 1 0 677 733
24 638024.246 3459196.229 4 66 1 0 849 902
25 635930.389 3460778.013 2 50 1 0 899 949
26 639634.825 3453204.587 2 82 1 0 775 826
27 632920.298 3441465.795 4 86 1 0 585 640
28 634960.286 3455988.366 2 62 1 0 534 570
29 653251.395 3459992.389 4 38 1 0 701 760
30 638258.237 3449683.432 2 83 1 0 654 703
31 637387.412 3455038.165 4 4 1 0 963 1018
32 628163.257 3458940.488 1 50 1 0 883 920
33 649794.829 3447257.875 2 11 1 0 922 964
34 639051.044 3456068.575 3 21 1 0 649 687
35 626881.003 3446514.922 2 34 1 0 854 894
36 642592.982 3459057.041 3 22 1 0 705 741
37 642090.366 3461498.558 2 26 1 0 907 944
38 645279.181 3456837.952 4 98 1 0 545 579
39 639603.644 3452561.311 1 73 1 0 798 848
40 642160.659 3455809.863 2 69 1 0 675 723
41 631993.742 3464892.863 1 21 1 0 571 610
42 639832.333 3453530.564 2 29 1 0 914 969
43 653340.263 3460247.771 2 52 1 0 683 727
44 639220.743 3453741.882 3 38 1 0 910 948
45 641289.332 3452703.117 3 58 1 0 965 999
46 638183.030 3452642.668 4 22 1 0 727 779
47 644410.027 3453646.232 3 92 1 0 567 613
48 636105.863 3462035.211 1 10 1 0 572 616
49 632387.081 3450966.914 3 57 1 0 891 925
50 628813.152 3447161.899 1 82 1 0 711 745
51 646101.265 3449554.345 1 86 1 0 801 856
52 651650.094 3449709.664 4 69 1 0 923 971
53 631739.038 3451978.868 1 18 1 0 919 959
54 632451.101 3447976.786 1 17 1 0 728 779
55 636943.340 3452299.280 2 29 1 0 530 571
56 641204.980 3457263.667 4 62 1 0 923 975
57 636675.483 3451010.096 3 72 1 0 968 1023
58 644686.949 3464051.666 4 71 1 0 846 877
59 639614.108 3463232.283 4 55 1 0 615 674
60 638092.835 3453969.547 1 73 1 0 754 813
61 648782.659 3458203.508 3 57 1 0 706 754
62 639517.050 3460336.148 1 17 1 0 678 724
63 648464.243 3458033.472 3 2 1 0 935 992
64 637714.581 3448987.272 4 30 1 0 845 900
65 653946.835 3453369.397 3 12 1 0 655 700
66 644491.446 3452534.823 2 43 1 0 790 837
67 640874.518 3456500.879 1 6 1 0 594 628
68 646239.489 3456524.040 3 78 1 0 745 788
69 642461.640 3461426.596 4 9 1 0 724 777
70 640388.939 3461156.165 2 27 1 0 752 803
71 642196.417 3460502.954 1 73 1 0 898 930
72 631681.110 3452112.871 2 20 1 0 530 589
73 639188.608 3451916.808 1 3 1 0 965 1005
74 649477.760 3467683.678 1 76 1 0 693 723
75 628129.828 3446183.572 3 94 1 0 678 708
76 647921.241 3462302.807 2 83 1 0 754 809
77 635293.012 3445780.206 2 86 1 0 888 940
78 636125.112 3453905.432 2 14 1 0 756 798
79 654015.241 3458867.869 1 2 1 0 677 734
80 650149.052 3456783.143 2 62 1 0 846 880
81 642464.993 3455810.129 1 48 1 0 937 994
82 632515.503 3453385.919 2 97 1 0 598 639
83 639494.212 3454827.206 1 94 1 0 640 682
84 634748.472 3452636.673 1 50 1 0 723 775
85 640977.571 3467789.156 3 20 1 0 853 886
86 641303.007 3455628.933 1 74 1 0 873 908
87 633282.477 3442952.336 4 24 1 0 811 856
88 648207.784 3455812.449 4 42 1 0 678 708
89 628246.179 3448051.871 3 15 1 0 858 915
90 639924.238 3452838.877 1 38 1 0 686 740
91 637659.052 3452732.045 1 1 1 0 797 841
92 631953.955 3455161.119 1 63 1 0 781 824
93 635603.299 3451519.767 4 37 1 0 836 874
94 647233.185 3461623.293 1 31 1 0 773 804
95 637403.781 3451246.680 1 95 1 0 867 915
96 644455.932 3464745.267 2 5 1 0 863 897
97 629842.941 3458953.403 2 36 1 0 721 751
98 643615.435 3457076.878 1 55 1 0 802 837
99 650242.805 3460638.042 4 35 1 0 897 938
100 638871.878 3444298.441 2 15 1 0 691 743
101 636699.501 3445066.935 4 55 1 0 828 872
102 632699.534 3450331.851 3 89 1 0 670 715
103 640798.648 3461669.789 4 18 1 0 664 720
104 648138.927 3456238.791 2 76 1 0 889 937
105 636509.375 3456674.302 3 94 1 0 527 573
106 637294.614 3457839.359 3 5 1 0 649 686
107 641530.976 3457125.615 1 28 1 0 659 692
108 637711.546 3467399.268 2 90 1 0 628 658
109 643024.937 3453796.710 3 53 1 0 808 847
110 628770.122 3447704.119 2 88 1 0 822 867
111 638798.050 3467694.619 4 82 1 0 873 911
112 642587.893 3462598.583 3 42 1 0 729 784
113 636930.032 3453323.055 3 89 1 0 857 897
114 640582.545 3456319.896 1 62 1 0 936 974
115 636759.941 3459787.918 4 19 1 0 645 693
116 632649.167 3451967.190 3 6 1 0 917 973
117 643956.059 3457081.534 4 86 1 0 803 849
118 646790.250 3453321.124 4 23 1 0 949 990
119 647492.698 3460094.766 3 19 1 0 671 728
120 647115.039 3462268.382 4 58 1 0 885 915
121 655373.926 3464497.063 1 32 1 0 727 760
122 652202.049 3452289.218 4 92 1 0 645 682
123 637780.060 3461425.728 1 12 1 0 671 721
124 640575.760 3459795.926 4 13 1 0 643 692
125 637329.684 3450329.551 2 57 1 0 947 989
126 640987.683 3454720.068 2 9 1 0 585 625
127 638275.137 3449656.708 3 30 1 0 829 878
128 642425.578 3464571.220 3 28 1 0 889 932
129 643202.429 3457286.823 2 1 1 0 948 984
130 629040.458 3457249.818 4 28 1 0 685 736
131 632448.966 3442337.521 4 52 1 0 564 608
132 637522.780 3467431.435 3 15 1 0 873 921
133 643883.128 3446671.350 1 16 1 0 781 823
134 632618.923 3445157.342 2 71 1 0 766 815
135 643613.296 3463039.867 3 39 1 0 557 616
136 642596.914 3458279.482 4 84 1 0 580 628
137 629550.722 3448294.914 4 28 1 0 777 834
138 639500.467 3457598.925 2 49 1 0 518 550
139 643993.894 3456250.542 1 55 1 0 661 717
140 651680.617 3448047.040 4 10 1 0 819 861
141 633105.288 3458809.437 3 51 1 0 736 768
142 637398.563 3451646.953 2 15 1 0 668 727
143 637745.848 3465794.468 4 73 1 0 901 954
144 632594.842 3456805.156 3 55 1 0 858 914
145 642343.968 3464739.494 1 87 1 0 898 947
146 638598.959 3455985.621 1 1 1 0 544 599
147 651046.776 3468183.548 1 94 1 0 740 791
148 644902.474 3457290.858 4 97 1 0 798 842
149 638360.979 3447906.342 4 47 1 0 599 632
150 641919.198 3459729.294 4 55 1 0 882 940
151 633970.732 3453169.517 1 64 1 0 523 563
152 631366.062 3447120.225 2 29 1 0 894 952
153 641003.550 3456498.758 4 71 1 0 613 665
154 642673.054 3454126.847 1 3 1 0 893 944
155 641816.932 3459466.143 2 42 1 0 901 931
156 644034.468 3464146.629 1 13 1 0 700 757
157 640037.786 3461455.590 4 69 1 0 842 898
158 646675.525 3460834.009 2 16 1 0 557 614
159 653519.267 3459765.312 2 3 1 0 581 612
160 642558.368 3458683.163 2 7 1 0 842 883
161 638232.366 3460469.297 3 92 1 0 636 668
162 641697.734 3455549.551 1 81 1 0 723 753
163 645983.214 3447081.286 4 10 1 0 671 726
164 639779.554 3457005.957 2 39 1 0 530 587
165 651912.407 3451950.114 3 20 1 0 553 605
166 652563.120 3460933.266 4 55 1 0 721 770
167 637962.535 3453813.861 1 53 1 0 908 954
168 640771.304 3453335.200 1 31 1 0 742 788
169 628905.101 3450473.394 2 79 1 0 726 760
170 631851.498 3442972.884 2 28 1 0 759 789
171 652543.005 3460952.222 4 35 1 0 840 895
172 635807.076 3451114.354 1 76 1 0 660 692
173 631849.003 3441845.013 3 83 1 0 820 864
174 648471.346 3457998.925 2 68 1 0 541 586
175 635798.026 3449247.281 2 63 1 0 561 605
176 655565.320 3455360.420 2 60 1 0 858 898
177 644381.578 3456925.683 4 5 1 0 854 905
178 636182.640 3451246.230 4 36 1 0 684 721
179 642554.944 3457227.983 4 6 1 0 931 980
180 638431.434 3455644.662 3 73 1 0 625 681
181 641913.296 3461634.748 2 30 1 0 567 623
182 637117.108 3450642.437 4 8 1 0 641 684
183 646372.929 3451444.411 3 69 1 0 747 785
184 636482.374 3451099.980 2 82 1 0 819 870
185 632663.458 3452671.801 2 11 1 0 854 905
186 636828.912 3449387.634 2 89 1 0 795 828
187 643377.468 3464815.163 1 6 1 0 862 905
188 638990.963 3457861.644 2 74 1 0 556 615
189 644786.163 3450833.511 1 37 1 0 799 846
190 630541.107 3449846.840 4 12 1 0 794 829
191 640277.901 3455599.821 1 1 1 0 862 914
192 637217.445 3445470.137 1 85 1 0 923 970
193 644600.978 3458530.129 1 86 1 0 750 801
194 636297.846 3442832.960 3 49 1 0 655 693
195 644023.724 3456004.578 3 13 1 0 566 620
196 650141.219 3461498.927 2 50 1 0 702 742
197 639683.590 3464965.501 3 4 1 0 591 650
198 641546.090 3456248.125 4 36 1 0 654 688
199 635507.942 3454301.661 4 44 1 0 711 767
200 646342.411 3458873.745 4 40 1 0 631 685
201 636995.940 3449524.531 2 86 1 0 615 646
202 639479.011 3464443.091 4 58 1 0 578 632
203 634395.773 3449675.847 4 22 1 0 698 745
204 643105.216 3459325.773 1 66 1 0 883 928
205 633795.532 3464588.488 1 97 1 0 610 657
206 636154.397 3463390.854 1 39 1 0 754 792
207 626806.448 3444727.990 3 91 1 0 607 658
208 633074.811 3454944.268 2 56 1 0 842 888
209 638041.346 3464685.843 3 40 1 0 610 661
210 641165.074 3460234.976 2 57 1 0 581 628
211 638715.682 3464679.340 1 10 1 0 635 671
212 651885.860 3467514.264 3 98 1 0 731 765
213 638227.686 3458813.954 4 31 1 0 892 924
214 638810.189 3455018.337 4 70 1 0 832 888
215 639417.784 3454602.923 3 25 1 0 515 545
216 636665.829 3452264.881 2 35 1 0 855 908
217 654962.795 3465699.832 1 91 1 0 731 783
218 630462.587 3442001.036 3 99 1 0 796 837
219 654045.972 3453378.546 3 67 1 0 803 835
220 631584.380 3458524.682 4 16 1 0 732 781
221 642667.163 3459439.155 2 82 1 0 525 572
222 642254.442 3460369.005 2 41 1 0 821 864
223 636146.801 3453251.311 1 65 1 0 933 964
224 641863.735 3467254.472 3 55 1 0 592 645
225 649815.684 3470163.899 3 29 1 0 710 755
226 640480.639 3457758.254 3 63 1 0 623 661
227 650687.889 3458654.109 3 63 1 0 867 897
228 642662.457 3455397.053 2 65 1 0 593 631
229 630313.870 3442780.601 3 19 1 0 836 885
230 631862.142 3457207.828 3 85 1 0 643 674
231 651975.055 3460897.793 3 9 1 0 683 719
232 651968.434 3459069.065 3 15 1 0 844 875
233 637253.065 3456714.774 2 43 1 0 768 812
234 633133.653 3450549.038 4 25 1 0 771 821
235 641509.263 3457510.277 2 44 1 0 633 666
236 640154.753 3452175.981 2 70 1 0 541 582
237 638749.378 3456368.702 3 41 1 0 611 666
238 646306.511 3455986.025 3 36 1 0 740 774
239 641974.976 3455842.002 4 62 1 0 721 767
240 644697.116 3464752.440 3 17 1 0 616 655
241 642597.945 3455519.364 3 66 1 0 960 1010
242 638430.422 3449677.992 4 72 1 0 608 652
243 647627.989 3449498.612 4 22 1 0 885 941
244 632061.536 3450008.196 3 69 1 0 910 961
245 630376.811 3456700.446 1 55 1 0 573 630
246 633424.902 3447931.314 1 71 1 0 944 985
247 637719.883 3452128.477 2 20 1 0 629 670
248 637859.289 3465461.051 2 98 1 0 807 857
249 638240.060 3446522.814 2 29 1 0 724 768
250 635032.763 3445676.792 1 40 1 0 591 622
251 642115.751 3457664.738 1 73 1 0 814 867
252 633647.464 3445254.991 2 28 1 0 854 907
253 641406.405 3456550.359 2 56 1 0 759 813
254 637189.069 3453249.437 3 68 1 0 563 611
255 644423.354 3460144.521 4 34 1 0 685 739
256 626723.897 3444984.896 4 46 1 0 741 794
257 653265.793 3460138.890 2 54 1 0 755 812
258 644661.964 3459385.581 3 78 1 0 753 789
259 639287.311 3453461.750 4 3 1 0 886 932
260 641494.346 3458618.744 2 91 1 0 577 624
261 636965.499 3452376.556 2 30 1 0 517 548
262 653754.179 3452966.209 4 73 1 0 678 712
263 641201.775 3456763.185 3 75 1 0 818 854
264 638093.744 3465475.684 1 53 1 0 552 588
265 638154.566 3456072.164 2 81 1 0 690 724
266 637788.313 3465329.235 2 61 1 0 670 706
267 630967.401 3444563.193 1 2 1 0 828 869
268 629425.809 3456842.675 4 98 1 0 722 772
269 637487.540 3456236.653 3 16 1 0 751 799
270 643847.127 3446397.544 1 84 1 0 614 657
271 631832.942 3458481.604 3 53 1 0 672 723
272 634725.197 3453421.652 2 81 1 0 613 662
273 645767.838 3464289.906 4 33 1 0 591 644
274 646884.843 3450569.973 1 9 1 0 741 772
275 632518.468 3443662.551 3 70 1 0 924 957
276 645018.735 3464918.567 4 70 1 0 844 887
277 645896.978 3461181.184 2 17 1 0 594 628
278 636337.767 3453835.044 4 95 1 0 735 786
279 649177.511 3459279.317 3 32 1 0 863 896
280 646521.627 3457879.186 3 90 1 0 666 705
281 637097.829 3451870.153 2 31 1 0 597 633
282 638165.577 3455737.405 4 20 1 0 730 768
283 638213.285 3464680.408 1 9 1 0 844 882
284 654851.405 3454637.684 3 94 1 0 826 863
285 642802.479 3461161.754 3 42 1 0 820 862
286 643650.044 3458659.528 4 56 1 0 606 659
287 635779.309 3449158.504 3 74 1 0 575 609
288 634656.290 3456996.867 3 38 1 0 663 693
289 636503.893 3454291.429 4 70 1 0 693 744
290 645481.666 3455350.953 1 14 1 0 535 591
291 642894.534 3458768.568 2 86 1 0 728 777
292 638798.720 3447596.436 4 21 1 0 915 969
293 636895.873 3466603.282 2 59 1 0 654 701
294 648712.427 3458726.071 1 80 1 0 853 895
295 637358.543 3447604.540 2 70 1 0 912 957
296 638295.698 3455904.642 3 4 1 0 524 572
297 639856.440 3455451.781 3 78 1 0 867 909
298 630591.543 3447911.267 3 3 1 0 934 977
299 639277.890 3454674.212 3 7 1 0 897 948
300 642733.289 3459440.053 1 65 1 0 721 776
301 645855.691 3456291.585 1 11 1 0 565 611
302 649012.644 3457844.895 3 55 1 0 609 646
303 637752.405 3467307.417 1 68 1 0 629 685
304 632161.287 3440709.524 3 6 1 0 598 655
305 628180.471 3440914.593 1 2 1 0 874 933
306 637187.849 3450547.122 4 51 1 0 823 861
307 653283.348 3451892.971 4 72 1 0 674 710
308 636949.759 3450786.540 3 38 1 0 583 614
309 638325.358 3453395.180 4 37 1 0 699 750
310 641830.551 3453056.846 2 76 1 0 895 934
311 637766.139 3455674.427 3 40 1 0 558 609
312 645072.818 3464114.739 3 44 1 0 697 747
313 631120.654 3444488.109 2 8 1 0 633 688
314 632374.549 3449065.185 3 64 1 0 861 917
315 643984.509 3461281.831 1 8 1 0 719 753
316 635434.180 3452834.087 4 78 1 0 877 917
317 635071.320 3446027.576 1 2 1 0 706 738
318 638495.175 3468360.432 4 93 1 0 595 638
319 630612.513 3441929.751 3 72 1 0 698 742
320 641601.150 3465410.817 4 4 1 0 818 851
321 638110.714 3454119.911 1 96 1 0 951 997
322 634542.620 3451136.632 4 2 1 0 619 670
323 632906.135 3457821.473 1 19 1 0 767 822
324 638858.331 3457386.404 4 33 1 0 656 712
325 635530.280 3464110.325 4 79 1 0 707 754
326 640689.131 3454284.929 1 51 1 0 791 831
327 630215.286 3454785.328 4 59 1 0 859 915
328 643399.243 3463221.721 3 5 1 0 783 821
329 645424.311 3462125.489 4 74 1 0 767 802
330 641907.939 3458358.700 1 57 1 0 791 844
331 637279.543 3455952.927 3 65 1 0 584 632
332 637964.911 3452874.626 1 35 1 0 754 786
333 655675.268 3458884.621 1 64 1 0 721 761
334 634617.274 3446841.691 1 79 1 0 740 778
335 647503.992 3455752.515 2 8 1 0 933 973
336 631066.582 3454164.601 3 84 1 0 838 893
337 630527.080 3444288.295 3 57 1 0 766 798
338 637826.940 3457345.891 3 67 1 0 759 817
339 633840.125 3454334.219 3 97 1 0 812 849
340 640299.572 3454221.988 1 86 1 0 496 542
341 646843.466 3453776.121 2 72 1 0 744 781
342 644154.000 3456395.169 3 73 1 0 711 741
343 636077.806 3454493.783 1 98 1 0 695 750
344 637610.065 3455214.299 1 87 1 0 882 920
345 641583.166 3458408.215 4 95 1 0 864 900
346 642161.509 3469418.140 1 27 1 0 884 926
347 641861.007 3455216.841 3 25 1 0 588 640
348 630629.556 3456056.892 3 58 1 0 768 800
349 634926.375 3449336.178 4 40 1 0 762 811
350 638646.903 3457618.434 3 40 1 0 868 919
351 635415.233 3454050.256 1 70 1 0 959 1011
352 653457.843 3459895.307 1 64 1 0 694 737
353 648243.626 3451855.519 4 5 1 0 880 917
354 641559.552 3460652.186 2 12 1 0 686 721
355 635794.571 3451314.362 4 84 1 0 564 617
356 639923.383 3456388.099 1 88 1 0 566 609
357 636582.207 3454885.258 2 79 1 0 955 1003
358 637985.657 3450784.650 2 22 1 0 615 648
359 632817.959 3456161.275 2 82 1 0 790 846
360 643032.942 3455155.710 4 37 1 0 730 773
361 632919.948 3456466.664 2 13 1 0 655 687
362 634709.168 3449756.833 2 56 1 0 638 697
363 641180.637 3459076.472 3 16 1 0 933 986
364 649741.798 3468630.637 2 38 1 0 621 660
365 645674.017 3459376.462 1 17 1 0 658 694
366 641157.960 3457563.299 2 82 1 0 513 566
367 635685.944 3449469.103 4 31 1 0 745 789
368 631417.514 3442717.277 2 76 1 0 827 868
369 634454.357 3461921.547 3 47 1 0 710 751
370 636715.227 3466011.951 3 90 1 0 739 796
371 628725.599 3455952.592 4 32 1 0 723 758
372 641226.575 3455901.223 1 74 1 0 554 607
373 638879.846 3443440.126 2 18 1 0 879 925
374 631717.125 3442859.580 4 46 1 0 668 712
375 643958.424 3452069.429 2 25 1 0 808 843
376 640392.528 3453949.913 2 16 1 0 568 601
377 637626.119 3452720.066 3 71 1 0 683 719
378 640341.110 3458795.762 3 78 1 0 679 728
379 651275.026 3469996.242 4 98 1 0 596 640
380 646166.648 3462235.888 1 77 1 0 866 900
381 637284.197 3453820.394 1 6 1 0 952 996
382 641878.189 3456641.401 2 68 1 0 820 860
383 638501.621 3459106.272 3 1 1 0 878 929
384 626823.616 3445228.594 4 57 1 0 629 659
385 651735.743 3468524.585 4 67 1 0 826 873
386 636184.024 3454722.272 3 65 1 0 859 901
387 635610.618 3451208.060 2 67 1 0 636 682
388 640870.069 3455103.445 2 64 1 0 762 816
389 640333.774 3455130.927 1 75 1 0 967 1017
390 641642.993 3455929.917 1 62 1 0 910 956
391 646061.730 3463835.884 3 80 1 0 665 719
392 632199.716 3439224.183 3 64 1 0 836 885
393 644826.263 3462579.179 2 45 1 0 908 946
394 634311.788 3462212.279 4 35 1 0 625 666
395 636623.164 3449173.249 3 83 1 0 737 791
396 651912.518 3451942.416 3 49 1 0 686 740
397 643608.625 3450540.237 4 98 1 0 681 724
398 646891.798 3462392.295 3 43 1 0 915 966
399 646836.834 3462776.493 1 37 1 0 847 880
400 640532.300 3463537.103 2 57 1 0 919 968
401 641797.457 3460174.199 3 99 1 0 936 987
402 628487.287 3451084.177 1 27 1 0 771 810
403 636524.429 3456023.942 4 40 1 0 684 741
404 638199.292 3460218.645 3 41 1 0 662 717
405 642832.738 3456500.335 1 23 1 0 646 692
406 629029.811 3451910.702 2 45 1 0 754 792
407 644461.284 3459309.678 1 40 1 0 618 674
408 646249.027 3464627.674 3 30 1 0 630 661
409 639793.239 3457718.298 4 6 1 0 959 1001
410 631418.549 3451674.619 4 22 1 0 768 804
411 638686.026 3457661.294 2 31 1 0 615 665
412 646337.089 3449496.021 2 72 1 0 533 565
413 644694.971 3450966.993 1 22 1 0 805 843
414 635601.705 3451900.837 4 2 1 0 875 932
415 637986.262 3451496.804 4 80 1 0 585 637
416 631388.798 3463584.171 4 59 1 0 689 722
417 646223.933 3455977.178 2 13 1 0 895 938
418 639713.349 3455515.322 4 59 1 0 676 719
419 631235.690 3442156.874 3 93 1 0 891 940
420 633807.013 3444945.215 4 14 1 0 822 881
421 658297.189 3462450.268 4 32 1 0 655 711
422 631807.702 3448338.264 1 5 1 0 887 922
423 652357.511 3458693.572 2 89 1 0 791 845
424 636993.820 3449178.057 2 77 1 0 850 905
425 638212.197 3456469.417 4 6 1 0 938 983
426 641604.239 3458562.481 3 39 1 0 579 638
427 641760.726 3459465.385 3 61 1 0 553 585
428 641627.336 3453897.157 1 92 1 0 711 768
429 639514.050 3455077.685 2 3 1 0 691 740
430 644069.038 3455835.817 2 7 1 0 757 798
431 631173.484 3444500.312 4 43 1 0 654 700
432 633265.074 3453241.402 2 8 1 0 814 850
433 636717.564 3456434.490 2 47 1 0 871 908
434 629654.452 3457880.961 1 24 1 0 794 834
435 629225.847 3445900.536 1 52 1 0 802 835
436 626650.486 3444479.769 4 87 1 0 873 932
437 641815.364 3454184.552 3 42 1 0 793 829
438 636056.609 3457923.354 4 70 1 0 904 952
439 640003.699 3454826.270 1 37 1 0 878 929
440 631984.789 3460346.610 4 40 1 0 554 585
441 641030.557 3452753.543 4 1 1 0 549 585
442 642929.370 3446442.823 2 36 1 0 831 862
443 635334.208 3447990.271 4 38 1 0 623 675
444 639062.926 3459671.861 4 86 1 0 798 842
445 644897.688 3464828.352 1 60 1 0 723 776
446 640566.520 3461227.831 3 36 1 0 669 726
447 629503.818 3445642.191 2 43 1 0 655 713
448 634187.080 3457479.745 2 12 1 0 931 983
449 647088.377 3452112.654 2 31 1 0 615 662
450 653041.983 3459839.196 3 50 1 0 631 679
451 634190.967 3454581.197 2 63 1 0 525 573
452 653232.501 3460380.941 2 59 1 0 725 771
453 635798.700 3454074.442 2 28 1 0 676 719
454 640421.597 3460444.437 3 50 1 0 695 750
455 629958.366 3446910.336 4 54 1 0 563 617
456 641271.188 3459720.562 3 6 1 0 636 673
457 638014.100 3467006.747 2 71 1 0 655 698
458 632777.242 3442306.995 4 56 1 0 855 907
459 631070.220 3453606.493 3 95 1 0 543 595
460 637186.963 3466075.855 4 53 1 0 569 606
461 640649.104 3459504.343 4 96 1 0 755 799
462 641792.204 3466191.016 2 51 1 0 822 852
463 629001.823 3458781.375 3 16 1 0 860 908
464 630754.893 3454487.919 2 18 1 0 888 947
465 642889.656 3448886.724 4 47 1 0 548 597
466 632468.972 3461280.408 3 27 1 0 822 860
467 640102.439 3453372.475 1 61 1 0 796 832
468 646978.660 3454994.488 4 60 1 0 667 714
469 637049.812 3448689.909 1 18 1 0 622 665
470 636861.793 3449149.397 2 44 1 0 919 950
471 628476.704 3451137.938 2 65 1 0 728 773
472 646970.934 3460753.446 1 44 1 0 639 684
473 641235.517 3456467.224 4 62 1 0 862 920
474 631358.733 3447709.077 1 73 1 0 913 952
475 638659.819 3453122.417 3 82 1 0 614 670
476 639412.878 3455472.842 1 13 1 0 749 784
477 642206.339 3458058.617 1 46 1 0 880 917
478 644998.936 3449319.708 4 84 1 0 766 804
479 646039.551 3468986.439 3 98 1 0 682 734
480 630086.536 3439452.053 2 66 1 0 896 933
481 626604.220 3445853.383 1 79 1 0 712 753
482 635586.143 3452081.559 2 36 1 0 594 624
483 637703.129 3455180.871 4 24 1 0 646 691
484 650446.819 3457241.662 4 76 1 0 603 656
485 641804.503 3459897.126 2 99 1 0 747 779
486 633535.705 3467083.467 3 46 1 0 578 620
487 645131.927 3455523.206 3 2 1 0 662 701
488 646356.543 3464028.625 2 11 1 0 613 666
489 650984.972 3462835.335 4 32 1 0 695 740
490 630945.058 3442357.282 4 43 1 0 617 676
491 641270.604 3455824.824 4 48 1 0 678 709
492 635521.662 3443958.540 4 34 1 0 659 714
493 651162.320 3467961.927 4 21 1 0 874 922
494 631958.974 3451327.233 1 65 1 0 582 631
495 636859.043 3454711.779 3 47 1 0 560 611
496 650298.262 3468765.648 1 9 1 0 882 941
497 640676.227 3461183.106 1 43 1 0 532 564
498 634852.572 3447341.262 2 68 1 0 625 666
499 652985.626 3463480.268 3 60 1 0 638 695
500 633753.344 3448135.637 1 85 1 0 693 727
501 632399.902 3453896.430 4 68 1 0 530 589
502 639964.484 3462490.138 2 5 1 0 773 819
503 632292.791 3451623.967 2 63 1 0 609 650
504 640751.181 3453107.810 1 70 1 0 841 889
505 653241.589 3459984.546 3 38 1 0 580 610
506 643235.442 3457048.599 3 76 1 0 903 934
507 636821.447 3457094.097 3 44 1 0 915 955
508 645573.418 3466627.800 2 36 1 0 654 692
509 641166.481 3459145.573 4 43 1 0 669 722
510 631892.396 3465330.421 4 85 1 0 599 647
511 650300.490 3468149.717 3 87 1 0 842 877
512 638618.385 3454761.744 4 4 1 0 608 640
513 642366.114 3459204.099 1 85 1 0 868 910
514 635184.759 3454736.339 2 58 1 0 892 935
515 639756.207 3453283.187 3 2 1 0 669 700
516 645385.745 3456546.854 3 81 1 0 827 863
517 637564.010 3459998.586 1 83 1 0 742 774
518 642846.967 3454964.557 3 68 1 0 960 1006
519 641876.795 3465068.079 1 3 1 0 762 808
520 628816.838 3447131.150 4 28 1 0 718 756
521 639945.570 3456958.121 4 68 1 0 710 740
522 631618.155 3457940.001 2 34 1 0 815 857
523 649742.241 3468830.831 1 75 1 0 611 667
524 630777.674 3453452.732 2 64 1 0 613 646
525 635440.314 3459809.322 2 46 1 0 697 753
526 658314.423 3460429.337 3 72 1 0 872 921
527 631099.163 3457656.364 4 92 1 0 937 981
528 632906.630 3460920.244 3 14 1 0 643 695
529 629125.475 3454363.877 4 14 1 0 817 849
530 630919.418 3440682.535 1 33 1 0 859 916
531 633917.583 3447714.292 1 3 1 0 637 672
532 640404.284 3461244.909 3 34 1 0 897 928
533 646885.963 3456894.911 4 46 1 0 743 785
534 640702.827 3453507.512 4 80 1 0 617 659
535 638496.916 3467228.689 3 64 1 0 831 878
536 631020.068 3448590.207 1 83 1 0 906 938
537 653369.165 3458946.968 3 31 1 0 673 723
538 639677.439 3455229.982 2 84 1 0 900 947
539 641422.601 3453374.721 2 90 1 0 785 844
540 645096.484 3453293.806 3 38 1 0 519 561
541 644438.777 3454686.011 4 7 1 0 716 764
542 630929.409 3459867.631 2 65 1 0 879 929
543 640974.418 3452745.093 2 27 1 0 728 778
544 630881.712 3450936.568 2 40 1 0 719 756
545 632715.663 3452730.199 2 2 1 0 787 825
546 640023.537 3453583.148 4 33 1 0 833 868
547 636969.108 3456930.492 3 19 1 0 677 725
548 633711.179 3446499.132 4 61 1 0 783 835
549 638415.422 3447541.360 3 32 1 0 593 647
550 629976.634 3454555.268 2 6 1 0 684 733
551 641172.939 3456447.136 1 4 1 0 756 802
552 646787.040 3447608.277 1 89 1 0 600 634
553 640647.174 3454453.747 2 1 1 0 707 766
554 631836.443 3451599.002 1 44 1 0 874 910
555 636100.538 3453758.837 4 67 1 0 872 912
556 639656.964 3459013.772 3 11 1 0 956 996
557 646965.099 3447422.125 4 42 1 0 540 594
558 640935.128 3453703.094 3 70 1 0 531 576
559 650780.825 3461396.448 4 28 1 0 857 889
560 632219.967 3450306.580 2 61 1 0 857 902
561 638712.814 3454374.191 3 99 1 0 947 990
562 638606.324 3464951.211 3 87 1 0 829 885
563 635011.502 3463841.874 3 28 1 0 920 973
564 644506.970 3455984.256 1 13 1 0 626 661
565 637519.177 3456852.981 4 53 1 0 939 986
566 636250.106 3455750.926 3 5 1 0 616 661
567 641509.301 3456032.056 2 81 1 0 828 879
568 639052.596 3459952.738 1 57 1 0 864 916
569 633184.998 3453294.280 4 85 1 0 538 574
570 637118.181 3456405.059 3 19 1 0 630 687
571 643556.410 3458735.241 4 26 1 0 847 890
572 649734.641 3468669.032 2 70 1 0 802 845
573 630388.286 3443728.438 4 57 1 0 897 946
574 643209.707 3459423.436 4 50 1 0 823 875
575 631149.362 3449638.825 1 8 1 0 831 868
576 637430.272 3461374.952 4 22 1 0 586 640
577 645357.106 3460053.457 2 57 1 0 758 788
578 641078.188 3458332.135 2 30 1 0 564 606
579 638404.530 3453161.403 1 88 1 0 732 778
580 644799.921 3464488.234 3 30 1 0 825 869
581 637481.946 3445754.583 3 33 1 0 776 806
582 637342.792 3455668.893 2 67 1 0 624 658
583 645458.075 3453945.524 2 44 1 0 769 812
584 636595.683 3459450.879 1 28 1 0 548 592
585 629754.609 3445710.707 3 2 1 0 767 812
586 635227.214 3460437.886 1 26 1 0 586 618
587 636091.108 3455256.141 2 23 1 0 818 852
588 639317.921 3457896.767 3 7 1 0 812 843
589 638570.542 3454626.383 4 77 1 0 869 920
590 647235.017 3457715.916 4 78 1 0 810 841
591 633694.799 3456919.163 4 34 1 0 899 949
592 635876.050 3448586.190 3 98 1 0 814 872
593 638390.968 3460979.519 1 57 1 0 746 791
594 642206.377 3453404.521 1 55 1 0 768 813
595 641897.387 3456198.963 3 27 1 0 695 745
596 635818.764 3453801.392 3 47 1 0 815 865
597 644326.254 3453964.597 1 54 1 0 718 757
598 635221.842 3449008.915 4 29 1 0 612 647
599 626867.670 3445144.440 4 39 1 0 642 690
600 637145.690 3448698.854 2 3 1 0 868 903
601 642758.244 3450524.839 1 39 1 0 821 851
602 641833.357 3458003.535 1 18 1 0 891 929
603 630410.979 3453675.295 1 72 1 0 802 838
604 636683.646 3447314.773 1 46 1 0 670 710
605 636884.551 3451220.677 4 5 1 0 510 556
606 634510.338 3455736.243 4 97 1 0 942 985
607 642454.445 3454389.505 1 36 1 0 518 574
608 631076.763 3441885.454 4 88 1 0 644 700
609 638962.980 3457226.108 3 45 1 0 528 571
610 638289.548 3453602.581 2 62 1 0 796 846
611 642523.025 3453966.984 1 23 1 0 908 959
612 633222.648 3453718.187 4 17 1 0 624 669
613 636199.004 3454075.762 3 96 1 0 696 728
614 637082.900 3456828.039 4 17 1 0 571 609
615 637094.938 3453363.695 4 35 1 0 811 846
616 641041.787 3463259.070 1 14 1 0 936 993
617 640605.657 3460774.109 3 60 1 0 620 663
618 643828.812 3464440.229 1 16 1 0 702 756
619 634314.448 3442014.614 4 49 1 0 756 796
620 639485.992 3455697.082 1 35 1 0 880 936
621 654194.227 3453423.063 3 15 1 0 789 842
622 636840.165 3450815.912 2 69 1 0 766 816
623 635047.318 3454619.093 3 20 1 0 822 864
624 640120.227 3457503.228 4 46 1 0 572 615
625 641943.722 3461585.115 3 84 1 0 832 872
626 635662.336 3459003.802 2 83 1 0 716 751
627 638668.614 3458981.440 4 91 1 0 541 587
628 650828.425 3467972.515 2 66 1 0 775 820
629 637391.862 3456724.285 2 88 1 0 611 667
630 639367.582 3457643.357 4 19 1 0 837 883
631 642909.057 3458430.003 2 1 1 0 762 816
632 635342.071 3449441.588 4 37 1 0 756 814
633 637124.511 3454395.729 4 8 1 0 516 546
634 638276.417 3453594.709 2 53 1 0 948 980
635 654545.146 3452735.249 1 17 1 0 751 801
636 637804.481 3452491.431 2 6 1 0 677 734
637 636334.731 3447672.103 2 7 1 0 586 619
638 636598.688 3455909.422 1 58 1 0 695 746
639 640498.058 3461896.736 3 31 1 0 568 607
640 645307.621 3454058.935 1 33 1 0 643 680
641 640646.959 3461887.181 4 52 1 0 823 861
642 649617.821 3469214.029 4 48 1 0 629 672
643 632679.124 3441943.929 4 93 1 0 827 858
644 635200.209 3449147.216 1 8 1 0 539 576
645 636775.100 3457097.344 4 72 1 0 556 604
646 641657.391 3464672.456 4 44 1 0 898 953
647 641886.034 3453850.595 3 30 1 0 613 668
648 630003.831 3461984.833 4 27 1 0 629 675
649 646397.817 3458932.261 4 54 1 0 592 638
650 640941.611 3454207.466 1 64 1 0 550 587
651 640312.001 3452543.775 4 37 1 0 749 808
652 641538.182 3453145.302 3 6 1 0 681 724
653 637325.169 3451946.252 2 74 1 0 964 1001
654 649450.859 3460056.990 1 61 1 0 658 698
655 637802.296 3459478.179 2 27 1 0 664 702
656 640474.675 3453000.183 4 65 1 0 560 606
657 644356.267 3450565.846 1 48 1 0 906 958
658 636011.251 3450166.184 2 42 1 0 963 1000
659 642066.616 3457629.428 1 69 1 0 599 658
660 632032.864 3453352.912 2 85 1 0 859 908
661 635158.940 3457261.225 1 26 1 0 912 968
662 639440.977 3452101.070 2 85 1 0 901 953
663 629740.394 3457616.417 3 97 1 0 652 705
664 640616.415 3461205.402 4 7 1 0 588 636
665 642307.164 3449860.474 1 23 1 0 878 908
666 658297.189 3462450.268 3 87 1 0 859 891
667 631208.417 3441952.524 4 24 1 0 821 861
668 637567.547 3453404.502 4 34 1 0 724 766
669 630546.430 3453157.315 3 79 1 0 794 843
670 639549.552 3451898.485 3 57 1 0 958 993
671 652266.770 3460162.863 3 22 1 0 710 761
672 643211.016 3459084.691 1 41 1 0 690 749
673 635698.736 3449503.912 3 49 1 0 900 953
674 635917.619 3449984.055 4 14 1 0 542 579
675 642099.673 3455181.565 3 16 1 0 719 775
676 646370.855 3462053.949 3 92 1 0 932 985
677 645448.070 3445310.806 3 94 1 0 922 967
678 642381.285 3465155.757 3 6 1 0 724 775
679 640627.273 3453714.376 2 35 1 0 895 948
680 641643.226 3457877.787 2 78 1 0 687 725
681 630030.466 3449655.765 3 51 1 0 704 757
682 634092.925 3448243.880 4 14 1 0 658 702
683 640866.764 3453124.753 2 37 1 0 797 832
684 641289.412 3464263.289 2 76 1 0 895 935
685 632283.590 3451038.752 2 99 1 0 618 667
686 632880.653 3441457.599 1 14 1 0 651 681
687 631312.478 3442107.787 4 86 1 0 617 659
688 629273.612 3453345.629 2 54 1 0 639 679
689 647211.222 3457761.778 4 80 1 0 565 602
690 641126.097 3455006.787 3 94 1 0 828 866
691 630288.137 3449963.040 2 42 1 0 655 688
692 639872.918 3456949.456 2 86 1 0 870 925
693 636252.869 3450677.425 3 29 1 0 750 793
694 641045.903 3460244.924 3 28 1 0 652 697
695 627675.163 3446547.592 2 42 1 0 773 822
696 642048.048 3456555.154 1 49 1 0 601 655
697 637028.913 3468306.506 4 63 1 0 877 922
698 628136.526 3458963.258 2 42 1 0 854 901
699 644019.933 3464723.873 3 27 1 0 551 589
700 647863.531 3462409.785 1 73 1 0 580 630
701 637571.400 3456653.492 1 42 1 0 735 774
702 637914.866 3451642.148 1 40 1 0 818 873
703 635366.839 3457040.632 2 4 1 0 810 861
704 636000.968 3462476.540 1 19 1 0 684 733
705 644707.557 3455590.505 3 79 1 0 662 720
706 642482.990 3460583.828 4 30 1 0 805 846
707 640830.709 3458290.322 1 44 1 0 923 962
708 641584.466 3456837.620 3 86 1 0 785 822
709 632242.011 3445641.479 3 91 1 0 794 847
710 641985.893 3459687.849 4 63 1 0 861 903
711 643504.892 3460328.266 2 5 1 0 903 945
712 641323.161 3455113.368 3 43 1 0 840 880
713 629555.168 3453587.746 3 68 1 0 627 657
714 639146.137 3454129.693 1 88 1 0 705 736
715 635287.075 3467333.046 2 57 1 0 887 931
716 627980.770 3446462.759 3 52 1 0 678 734
717 649094.966 3459736.259 2 45 1 0 750 795
718 637377.901 3461840.054 4 49 1 0 659 705
719 635366.110 3460435.825 1 50 1 0 946 1003
720 641425.440 3458086.580 4 42 1 0 546 587
721 645451.109 3455646.950 1 10 1 0 799 851
722 639153.567 3456570.364 4 66 1 0 894 930
723 643345.685 3458424.399 4 34 1 0 543 584
724 637539.902 3452734.338 4 51 1 0 709 764
725 629649.947 3445336.043 3 30 1 0 566 607
726 633823.771 3456920.803 4 25 1 0 870 918
727 630023.705 3449667.229 4 60 1 0 769 823
728 627938.137 3448613.971 1 1 1 0 873 924
729 644714.155 3463516.942 2 80 1 0 620 659
730 645203.585 3461829.862 4 96 1 0 837 875
731 640319.110 3456974.646 4 68 1 0 783 835
732 639171.990 3455927.743 3 29 1 0 793 833
733 631360.956 3442204.621 2 69 1 0 749 801
734 629266.064 3448834.170 3 72 1 0 855 904
735 637251.829 3451987.640 3 72 1 0 513 566
736 634064.380 3463206.121 2 84 1 0 930 987
737 633507.210 3454237.607 3 26 1 0 815 851
738 644341.186 3457217.698 4 62 1 0 552 590
739 640167.269 3456703.156 4 45 1 0 555 588
740 641667.951 3460214.797 3 72 1 0 787 842
741 636968.682 3459501.927 2 53 1 0 784 834
742 629460.373 3446215.199 4 44 1 0 713 770
743 644285.133 3460096.427 3 60 1 0 573 632
744 640285.584 3456512.257 1 71 1 0 737 775
745 648130.927 3446918.726 3 65 1 0 899 939
746 638794.402 3456215.317 1 71 1 0 855 903
747 640304.927 3453074.910 2 39 1 0 565 606
748 644269.190 3458848.937 4 46 1 0 923 973
749 631538.331 3443654.156 2 82 1 0 837 874
750 640327.987 3458787.888 2 33 1 0 928 980
751 637234.985 3452010.517 1 99 1 0 974 1028
752 639208.063 3456201.534 3 45 1 0 879 910
753 640887.921 3465362.716 2 11 1 0 765 801
754 640317.622 3454853.547 2 24 1 0 832 887
755 630787.864 3451832.294 4 1 1 0 647 705
756 646326.585 3464043.606 2 58 1 0 598 655
757 645322.791 3466589.676 4 33 1 0 853 910
758 643810.639 3452229.092 2 38 1 0 931 970
759 635481.161 3449435.675 3 72 1 0 617 651
760 645850.082 3454308.959 4 29 1 0 926 963
761 651919.287 3458579.437 4 59 1 0 629 684
762 644006.053 3454152.692 1 34 1 0 701 735
763 638994.594 3454581.930 4 18 1 0 954 1008
764 638858.605 3459368.898 3 56 1 0 892 935
765 632234.935 3465946.792 4 75 1 0 797 836
766 654303.502 3458156.035 2 77 1 0 782 815
767 644238.984 3465138.794 3 67 1 0 767 815
768 630464.332 3442128.083 2 23 1 0 822 861
769 636779.721 3465627.842 1 95 1 0 649 705
770 640911.860 3455935.500 2 23 1 0 784 822
771 644239.455 3454021.152 1 50 1 0 656 700
772 627700.554 3449099.948 2 60 1 0 700 744
773 645491.496 3454400.238 3 55 1 0 639 692
774 635963.869 3439957.045 1 60 1 0 838 883
775 652797.494 3456409.354 3 61 1 0 781 836
776 646956.031 3457088.372 1 81 1 0 685 720
777 641796.173 3453152.622 1 79 1 0 814 857
778 639824.031 3456148.109 4 40 1 0 941 1000
779 631845.884 3442626.379 2 71 1 0 826 882
780 636550.558 3456559.353 1 2 1 0 840 885
781 639134.168 3453282.650 3 86 1 0 501 535
782 638804.060 3451214.984 1 68 1 0 599 645
783 644075.313 3463819.972 2 28 1 0 788 837
784 649424.803 3456072.189 1 61 1 0 813 858
785 641189.270 3458187.344 1 6 1 0 739 791
786 651732.641 3458449.701 1 80 1 0 672 726
787 642676.928 3454573.446 3 21 1 0 942 993
788 645447.260 3455446.717 4 69 1 0 845 899
789 636082.825 3462027.213 2 39 1 0 668 702
790 638227.188 3451041.877 2 32 1 0 861 905
791 651718.799 3458033.729 4 79 1 0 767 807
792 638156.771 3453635.483 2 21 1 0 515 570
793 644191.768 3458947.965 4 81 1 0 860 905
794 638886.107 3453275.527 2 9 1 0 744 776
795 637612.514 3453254.961 1 15 1 0 637 693
796 630009.614 3449736.343 3 46 1 0 667 713
797 646574.026 3447451.333 1 85 1 0 923 977
798 638066.495 3457741.680 3 99 1 0 781 824
799 635873.259 3455218.682 4 71 1 0 903 957
800 646430.624 3465588.776 4 96 1 0 686 724
801 644080.760 3463904.738 1 95 1 0 861 902
802 636086.451 3452288.177 2 1 1 0 750 792
803 648057.055 3453827.759 2 11 1 0 543 591
804 645888.097 3446537.183 1 51 1 0 618 663
805 648893.842 3448931.263 3 71 1 0 559 589
806 639585.709 3459647.996 2 83 1 0 837 870
807 632969.496 3454115.322 1 25 1 0 592 645
808 637016.161 3455857.108 3 28 1 0 958 1008
809 628770.122 3447704.119 1 37 1 0 644 688
810 632265.983 3451123.217 1 94 1 0 755 811
811 634906.040 3452734.925 4 40 1 0 673 719
812 643450.378 3454626.302 2 49 1 0 632 689
813 632828.202 3439566.939 2 74 1 0 628 669
814 628966.067 3453603.611 1 54 1 0 555 606
815 644291.725 3456724.272 1 70 1 0 845 897
816 640188.257 3457858.290 2 60 1 0 648 686
817 641578.600 3456044.537 2 36 1 0 961 1003
818 641492.858 3466333.256 4 29 1 0 870 925
819 637440.793 3467384.166 4 46 1 0 845 876
820 632465.687 3457080.684 3 71 1 0 656 704
821 641380.206 3456530.760 4 44 1 0 907 954
822 633100.077 3450587.108 4 35 1 0 547 580
823 637679.103 3452716.909 1 75 1 0 962 1018
824 646160.415 3465531.111 2 70 1 0 732 791
825 635432.669 3456294.691 3 16 1 0 539 588
826 641231.039 3462214.533 3 95 1 0 588 646
827 640830.131 3460061.101 3 58 1 0 869 904
828 640632.945 3453537.375 3 24 1 0 668 712
829 648512.561 3455782.099 4 9 1 0 605 655
830 644022.965 3459199.724 4 70 1 0 621 676
831 633915.306 3453365.131 3 17 1 0 818 866
832 633393.913 3445405.759 3 64 1 0 635 683
833 635348.298 3445599.994 3 86 1 0 694 752
834 644592.775 3455758.309 2 51 1 0 864 898
835 640098.030 3462391.831 3 79 1 0 902 934
836 637757.754 3460101.211 1 96 1 0 536 586
837 641265.460 3459408.672 2 64 1 0 929 983
838 640639.349 3456524.679 4 69 1 0 690 744
839 637825.017 3455725.241 4 43 1 0 790 844
840 635706.690 3453769.152 3 72 1 0 590 643
841 634205.248 3464597.571 1 89 1 0 737 793
842 639152.278 3452663.125 1 83 1 0 715 770
843 640147.341 3454970.613 4 4 1 0 652 699
844 630729.884 3449302.577 3 68 1 0 694 737
845 635410.266 3453407.341 4 47 1 0 552 595
846 641475.890 3454087.597 1 97 1 0 786 824
847 641701.436 3462879.148 3 65 1 0 796 829
848 641156.101 3458194.598 4 19 1 0 721 758
849 639434.078 3456119.838 4 83 1 0 927 965
850 632042.087 3447860.030 4 66 1 0 765 814
851 627764.597 3448731.195 4 24 1 0 745 792
852 651931.284 3459122.425 2 45 1 0 609 657
853 637616.911 3457219.958 3 46 1 0 613 663
854 632963.786 3441431.698 1 36 1 0 699 756
855 644245.939 3458856.317 2 90 1 0 828 884
856 639305.673 3459070.703 1 96 1 0 855 896
857 636468.535 3449867.990 3 92 1 0 856 906
858 639319.868 3458997.751 4 96 1 0 610 647
859 635434.180 3452834.087 2 53 1 0 702 733
860 648451.070 3458029.436 3 47 1 0 877 915
861 634087.822 3448124.485 4 22 1 0 824 880
862 633761.841 3463082.929 2 76 1 0 722 780
863 636094.006 3456310.923 3 28 1 0 795 845
864 644435.217 3464329.221 2 40 1 0 923 981
865 634725.637 3457005.454 4 73 1 0 536 589
866 634258.378 3446686.996 3 55 1 0 709 749
867 640333.774 3455130.927 4 97 1 0 580 628
868 640384.878 3459727.933 2 54 1 0 591 640
869 637302.091 3459798.837 4 70 1 0 748 782
870 637105.414 3455099.929 4 42 1 0 510 542
871 638159.382 3458978.584 2 93 1 0 861 895
872 640048.554 3457918.020 1 41 1 0 606 645
873 641437.798 3453475.012 3 2 1 0 843 879
874 643947.108 3463768.167 1 57 1 0 694 746
875 641056.313 3466111.797 2 69 1 0 868 907
876 637143.656 3454449.871 1 45 1 0 806 858
877 639780.984 3457644.995 2 4 1 0 711 742
878 642403.057 3454519.694 3 4 1 0 591 631
879 641096.941 3454713.833 1 57 1 0 543 592
880 634136.644 3444541.366 1 57 1 0 622 671
881 636888.112 3445077.076 1 83 1 0 756 788
882 638079.945 3452933.875 3 66 1 0 911 947
883 644670.386 3458773.609 1 98 1 0 789 831
884 633231.943 3456120.316 3 34 1 0 575 630
885 635791.008 3458258.672 2 84 1 0 911 956
886 632147.016 3443176.738 2 51 1 0 766 798
887 646289.290 3461975.819 4 90 1 0 697 733
888 636317.521 3462538.388 1 70 1 0 748 787
889 646778.297 3461524.534 2 8 1 0 671 725
890 634314.211 3460730.279 4 47 1 0 698 749
891 645114.292 3455842.479 4 92 1 0 673 729
892 626882.159 3446418.706 2 42 1 0 589 629
893 644063.083 3452401.921 4 69 1 0 826 862
894 649085.615 3450820.294 2 40 1 0 629 684
895 643213.230 3460863.229 4 74 1 0 771 809
896 639920.035 3456888.490 2 71 1 0 737 785
897 642372.437 3455805.027 3 94 1 0 855 907
898 632978.718 3445246.550 3 1 1 0 862 918
899 630380.700 3450506.935 4 81 1 0 576 620
900 632240.449 3450256.795 2 77 1 0 714 757
901 627940.961 3441820.108 2 97 1 0 827 866
902 647041.254 3453828.926 3 95 1 0 805 862
903 631128.181 3453468.638 3 56 1 0 682 712
904 639554.007 3453061.085 4 91 1 0 945 975
905 643198.360 3458557.126 1 23 1 0 934 972
906 639352.756 3454016.941 2 5 1 0 687 746
907 629827.016 3453005.998 2 74 1 0 911 956
908 649961.654 3462959.257 3 60 1 0 780 839
909 651313.301 3460468.618 3 87 1 0 880 911
910 628284.556 3459026.652 3 70 1 0 823 872
911 641792.369 3462999.713 3 39 1 0 663 708
912 645661.752 3459306.998 4 31 1 0 875 911
913 646429.845 3465407.830 1 21 1 0 870 923
914 641552.184 3449884.959 1 53 1 0 724 758
915 640148.272 3463828.383 4 75 1 0 557 599
916 647990.302 3451513.192 1 73 1 0 680 720
917 647008.374 3457839.783 1 48 1 0 778 811
918 644867.451 3458872.563 4 54 1 0 532 591
919 640664.029 3459377.508 3 13 1 0 685 725
920 639688.507 3459626.265 4 91 1 0 764 811
921 655456.906 3466480.966 4 14 1 0 761 797
922 640924.716 3460158.608 2 96 1 0 726 765
923 637255.063 3454786.225 1 85 1 0 798 844
924 649392.569 3445970.249 1 9 1 0 693 736
925 634078.895 3452989.972 4 98 1 0 634 685
926 629255.647 3449954.183 4 82 1 0 744 781
927 641106.100 3453289.636 1 95 1 0 806 864
928 638228.160 3452985.862 4 87 1 0 644 700
929 635573.192 3457197.267 4 27 1 0 569 619
930 649403.939 3458705.078 4 1 1 0 911 959
931 641891.908 3462238.842 3 87 1 0 834 893
932 628016.584 3458765.481 3 68 1 0 867 919
933 649512.786 3445898.807 3 76 1 0 818 869
934 643185.355 3451000.274 3 47 1 0 540 580
935 641033.070 3462677.669 1 96 1 0 885 925
936 655586.207 3451033.571 4 35 1 0 576 618
937 653663.114 3452857.088 3 54 1 0 599 654
938 635610.618 3451208.060 2 15 1 0 515 571
939 644332.419 3450615.563 4 90 1 0 695 726
940 635830.909 3461311.801 2 67 1 0 846 890
941 640663.874 3456174.701 1 96 1 0 843 901
942 633551.752 3446539.457 1 67 1 0 679 725
943 644943.041 3456987.299 4 26 1 0 920 973
944 640656.385 3458218.697 1 62 1 0 856 904
945 639685.803 3455846.013 1 39 1 0 842 887
946 630998.524 3457770.590 2 88 1 0 846 903
947 639829.906 3453214.874 1 45 1 0 518 562
948 641861.007 3455216.841 1 12 1 0 590 629
949 642133.569 3458304.004 4 43 1 0 695 740
950 643444.971 3450892.167 3 60 1 0 925 957
951 629058.891 3447099.463 3 27 1 0 783 825
952 632177.043 3453200.747 3 44 1 0 868 911
953 636861.226 3453780.243 4 23 1 0 549 584
954 636949.759 3450786.540 2 60 1 0 606 648
955 650145.031 3462157.285 2 53 1 0 872 909
956 639610.845 3457007.566 3 60 1 0 514 558
957 645462.647 3453614.523 2 1 1 0 716 752
958 636824.379 3464231.057 1 96 1 0 914 951
959 641196.348 3458399.164 2 36 1 0 630 674
960 629564.203 3445308.046 2 69 1 0 924 970
961 647997.821 3457803.616 2 50 1 0 586 644
962 643476.147 3451762.587 2 61 1 0 927 980
963 640984.315 3453241.811 2 56 1 0 900 942
964 631516.578 3463674.308 4 76 1 0 684 724
965 640942.156 3464277.866 2 79 1 0 639 683
966 638753.780 3457288.787 2 95 1 0 689 728
967 635616.279 3454880.468 4 60 1 0 915 949
968 641069.801 3456738.317 2 60 1 0 513 565
969 641866.042 3462685.043 1 21 1 0 541 595
970 629727.050 3440941.144 4 6 1 0 594 628
971 637127.089 3465347.515 1 13 1 0 878 919
972 637098.987 3449745.287 3 49 1 0 737 783
973 633458.472 3452601.006 4 26 1 0 584 626
974 644718.035 3454828.431 1 93 1 0 822 878
975 631953.966 3446700.284 4 85 1 0 709 746
976 634480.816 3448976.346 1 77 1 0 870 910
977 634150.352 3453094.815 2 78 1 0 629 674
978 629819.860 3447135.739 1 49 1 0 580 638
979 638534.837 3459095.161 1 17 1 0 598 642
980 643066.709 3459968.129 1 62 1 0 666 723
981 629885.440 3457922.305 3 10 1 0 706 765
982 641878.743 3462723.710 2 9 1 0 685 723
983 639326.749 3460972.642 1 14 1 0 946 1005
984 643164.766 3458352.641 3 22 1 0 798 845
985 640620.468 3456204.917 4 93 1 0 636 693
986 637663.558 3468033.810 3 16 1 0 671 720
987 642380.216 3457918.536 3 60 1 0 904 948
988 646019.947 3466599.363 2 6 1 0 782 814
989 637293.739 3467259.054 1 66 1 0 698 737
990 642413.952 3464940.623 3 53 1 0 849 883
991 639253.145 3456044.301 3 4 1 0 798 839
992 640870.175 3460773.803 4 78 1 0 696 726
993 647991.216 3458742.841 2 7 1 0 887 945
994 646593.005 3457029.411 2 11 1 0 946 991
995 638353.931 3454242.437 3 79 1 0 893 936
996 630117.153 3451481.402 3 70 1 0 581 619
997 637553.721 3466080.660 2 54 1 0 613 648
998 644218.958 3463710.306 3 97 1 0 758 807
999 643228.026 3461475.516 4 95 1 0 615 668
1000 643791.264 3462838.274 3 61 1 0 784 820
1001 644686.707 3456144.559 3 60 1 0 549 595
1002 632428.290 3452164.578 2 85 1 0 714 746
1003 637828.702 3454685.935 1 40 1 0 971 1015
1004 644989.448 3453858.220 4 5 1 0 588 624
1005 638012.262 3462876.190 4 59 1 0 555 613
1006 630661.643 3456669.335 1 39 1 0 811 854
1007 645035.122 3466362.412 4 87 1 0 879 913
1008 644579.786 3455981.406 4 48 1 0 893 944
1009 635928.490 3458368.233 3 59 1 0 546 591
1010 644361.315 3450438.880 2 19 1 0 721 761
1011 651718.799 3458033.729 3 39 1 0 780 814
1012 642202.546 3463956.109 4 64 1 0 570 626
1013 637751.796 3451459.092 3 18 1 0 775 805
1014 636927.468 3458096.335 2 18 1 0 703 739
1015 644937.877 3462157.260 3 7 1 0 851 889
1016 638040.703 3448348.680 4 82 1 0 629 683
1017 644524.874 3455403.214 2 56 1 0 586 616
1018 638042.715 3450723.806 3 40 1 0 808 839
1019 641616.069 3463570.919 2 34 1 0 564 615
1020 639093.416 3460865.613 1 60 1 0 777 810
1021 641273.033 3455890.298 4 97 1 0 902 938
1022 638937.407 3465656.207 3 33 1 0 634 667
1023 638107.558 3454108.321 1 92 1 0 837 871
1024 634051.726 3448620.593 2 47 1 0 860 919
1025 628803.549 3447677.582 1 56 1 0 598 638
1026 644637.228 3455893.655 4 38 1 0 914 957
1027 640830.709 3458290.322 3 48 1 0 745 779
1028 650375.555 3468905.349 3 25 1 0 636 670
1029 638108.152 3446482.594 2 91 1 0 859 892
1030 630534.934 3450612.775 1 15 1 0 777 828
1031 636221.186 3460535.415 2 75 1 0 821 857
1032 640790.407 3460064.418 2 67 1 0 740 786
1033 634560.204 3455975.544 1 25 1 0 671 719
1034 638283.777 3461336.111 4 28 1 0 947 988
1035 634852.012 3447903.262 2 30 1 0 892 936
1036 637395.455 3451631.515 2 18 1 0 934 989
1037 638929.105 3458538.338 3 47 1 0 826 859
1038 650889.738 3452878.595 4 86 1 0 745 804
1039 636348.594 3456064.006 3 89 1 0 719 757
1040 638350.443 3449719.286 2 8 1 0 853 902
1041 638800.284 3455518.638 3 66 1 0 617 674
1042 640360.421 3452386.591 3 66 1 0 687 728
1043 635157.340 3449393.027 4 82 1 0 931 978
1044 638050.121 3462510.985 3 47 1 0 697 753
1045 632579.457 3453036.433 3 97 1 0 546 601
1046 637319.454 3451876.888 1 78 1 0 893 929
1047 652474.307 3460901.178 3 27 1 0 875 916
1048 634035.924 3451946.244 3 35 1 0 637 677
1049 643947.760 3455995.839 3 13 1 0 575 615
1050 637988.030 3464970.006 3 30 1 0 765 800
1051 649971.173 3447429.763 1 93 1 0 815 870
1052 628085.355 3453658.301 2 33 1 0 743 780
1053 637066.284 3467217.581 1 8 1 0 564 619
1054 639505.535 3458961.718 3 73 1 0 902 940
1055 653705.970 3454455.359 1 28 1 0 720 776
1056 632161.307 3457088.403 2 42 1 0 702 755
1057 641732.364 3458625.800 3 73 1 0 909 964
1058 642314.488 3455442.386 3 13 1 0 700 739
1059 644046.726 3460120.103 4 93 1 0 632 676
1060 657884.507 3460430.568 1 62 1 0 808 859
1061 639383.366 3455453.204 1 2 1 0 951 1000
1062 630665.718 3451542.080 4 41 1 0 640 686
1063 651455.172 3452447.843 3 89 1 0 657 690
1064 639097.855 3456531.132 3 93 1 0 847 887
1065 652176.747 3452208.009 4 33 1 0 894 936
1066 645558.850 3455032.503 3 60 1 0 739 779
1067 644883.414 3459873.682 1 58 1 0 540 570
1068 642270.078 3457747.665 4 67 1 0 716 753
1069 647222.348 3455548.391 3 99 1 0 578 619
1070 637492.556 3451798.307 2 18 1 0 796 846
1071 634475.145 3456936.808 3 97 1 0 889 940
1072 636112.660 3458447.604 1 85 1 0 749 791
1073 635384.293 3460051.115 4 58 1 0 770 825
1074 633697.986 3446495.116 4 45 1 0 554 594
1075 638110.549 3461938.203 2 14 1 0 713 751
1076 644626.082 3464150.918 4 14 1 0 786 840
1077 634490.436 3450038.895 4 80 1 0 591 643
1078 653069.255 3465225.446 2 86 1 0 808 852
1079 638548.419 3457813.460 2 89 1 0 837 891
1080 646550.721 3460062.338 2 62 1 0 914 965
1081 645359.400 3460126.632 3 58 1 0 772 820
1082 633131.733 3449390.360 2 21 1 0 728 777
1083 644878.310 3456643.793 2 65 1 0 758 796
1084 640417.431 3459023.904 2 35 1 0 875 934
1085 641465.038 3453417.635 3 59 1 0 908 941
1086 633710.920 3460591.702 3 56 1 0 696 740
1087 637506.698 3454770.261 4 15 1 0 639 682
1088 633525.371 3453849.051 2 47 1 0 748 789
1089 632084.286 3459270.032 2 71 1 0 745 788
1090 628562.515 3451970.429 3 20 1 0 678 717
1091 637156.823 3466106.257 3 15 1 0 678 715
1092 635671.447 3463673.310 1 3 1 0 910 940
1093 638110.296 3464971.615 1 84 1 0 795 827
1094 654446.674 3453357.466 3 41 1 0 780 818
1095 632903.414 3456989.971 2 99 1 0 710 765
1096 636453.371 3452061.958 3 55 1 0 682 714
1097 636045.368 3464151.637 2 97 1 0 769 828
1098 637334.947 3456523.370 3 76 1 0 838 872
1099 637263.158 3452134.066 4 1 1 0 868 903
1100 640723.427 3452460.724 2 38 1 0 859 911
1101 632214.807 3451245.753 2 24 1 0 545 598
1102 632615.325 3451500.993 4 60 1 0 726 775
1103 642772.475 3455090.581 1 22 1 0 683 734
1104 634191.386 3457660.723 3 60 1 0 654 708
1105 630896.879 3449181.470 1 57 1 0 694 747
1106 626161.407 3444396.934 2 72 1 0 685 737
1107 640468.824 3446232.727 3 45 1 0 668 727
1108 631784.759 3453349.805 1 29 1 0 566 598
1109 636704.319 3450317.575 4 42 1 0 889 936
1110 637324.627 3445121.236 2 97 1 0 840 885
1111 644952.909 3456991.284 3 64 1 0 747 805
1112 636284.458 3464066.201 4 74 1 0 690 740
1113 631795.607 3452218.234 4 58 1 0 745 789
1114 635357.970 3455416.062 3 46 1 0 696 751
1115 637914.507 3456973.640 4 81 1 0 800 845
1116 638546.340 3454957.119 2 72 1 0 656 714
1117 640144.855 3458385.095 4 2 1 0 749 797
1118 635158.940 3457261.225 3 28 1 0 743 784
1119 631237.641 3447064.738 4 71 1 0 595 648
1120 646430.862 3459883.583 2 82 1 0 809 868
1121 646763.481 3453817.352 4 48 1 0 599 632
1122 632955.207 3456555.645 3 87 1 0 649 691
1123 649050.035 3459173.567 1 31 1 0 658 688
1124 637517.054 3464340.200 4 62 1 0 569 602
1125 635787.712 3449020.034 3 34 1 0 689 734
1126 632069.398 3453341.822 1 11 1 0 672 714
1127 658907.850 3461423.869 1 49 1 0 826 878
1128 649522.279 3468500.460 2 45 1 0 713 768
1129 638689.451 3464413.376 2 31 1 0 725 779
1130 644861.613 3461694.252 4 87 1 0 909 943
1131 646165.158 3452823.532 2 88 1 0 923 964
1132 641333.488 3459759.896 1 20 1 0 899 953
1133 637119.930 3451443.154 2 20 1 0 723 771
1134 636402.600 3449847.889 4 45 1 0 769 809
1135 645656.803 3455126.249 2 20 1 0 636 687
1136 645204.227 3460109.088 2 46 1 0 917 976
1137 636919.503 3456929.846 4 2 1 0 862 899
1138 630221.450 3454554.444 3 14 1 0 912 942
1139 640920.682 3455523.719 2 92 1 0 894 937
1140 630513.344 3458757.690 4 54 1 0 867 897
1141 638605.748 3454465.168 3 67 1 0 927 971
1142 641744.033 3454322.175 2 80 1 0 510 566
1143 640620.468 3456204.917 4 56 1 0 781 816
1144 638179.335 3451915.074 2 84 1 0 708 767
1145 629343.285 3447664.937 2 94 1 0 899 942
1146 635413.681 3456998.891 3 2 1 0 789 848
1147 638356.462 3456063.269 4 65 1 0 517 558
1148 631479.314 3458992.991 1 27 1 0 666 724
1149 645759.593 3467023.054 3 48 1 0 783 828
1150 650195.249 3468806.518 4 79 1 0 882 936
1151 643655.042 3454417.367 4 15 1 0 877 914
1152 643793.870 3461440.902 2 3 1 0 542 577
1153 633224.569 3461659.509 2 23 1 0 832 882
1154 647070.256 3461925.134 2 36 1 0 890 921
1155 636675.693 3453034.894 3 61 1 0 961 993
1156 637503.482 3465375.540 2 25 1 0 836 884
1157 641724.285 3457016.582 1 59 1 0 647 701
1158 648617.584 3457246.455 1 38 1 0 849 902
1159 646484.071 3453447.748 4 29 1 0 654 696
1160 638155.280 3458535.839 1 29 1 0 524 561
1161 639342.368 3458547.657 3 74 1 0 887 946
1162 644313.758 3461863.791 4 4 1 0 805 860
1163 650290.947 3468584.604 4 66 1 0 822 860
1164 630847.158 3445181.438 1 94 1 0 856 914
1165 631059.579 3444606.679 1 38 1 0 620 667
1166 646405.252 3456022.045 4 31 1 0 622 679
1167 635436.328 3458065.475 2 1 1 0 663 717
1168 636290.214 3458526.893 3 48 1 0 694 725
1169 636816.134 3461058.975 3 83 1 0 692 745
1170 641943.163 3455502.814 4 95 1 0 874 912
1171 638355.903 3450312.172 1 54 1 0 775 828
1172 632921.915 3453691.291 1 35 1 0 899 939
1173 633408.479 3453674.347 1 1 1 0 590 623
1174 638849.337 3455561.630 4 97 1 0 548 591
1175 651775.470 3461437.723 3 42 1 0 695 733
1176 641605.005 3458751.119 3 54 1 0 784 830
1177 643606.815 3449701.014 2 57 1 0 831 868
1178 636283.452 3459558.459 4 65 1 0 827 864
1179 642091.519 3458234.144 1 12 1 0 805 860
1180 646051.587 3461475.906 4 53 1 0 750 797
1181 638775.625 3456134.230 2 5 1 0 930 983
1182 643349.856 3447418.601 4 13 1 0 770 811
1183 627996.582 3444064.877 1 91 1 0 846 896
1184 650083.123 3463018.739 2 74 1 0 673 717
1185 643280.233 3461526.273 1 17 1 0 728 783
1186 631679.742 3453810.413 2 44 1 0 614 645
1187 643786.873 3466052.647 2 83 1 0 640 677
1188 640325.876 3455227.059 1 94 1 0 544 579
1189 635698.707 3467696.370 2 88 1 0 579 628
1190 650172.254 3463027.714 2 14 1 0 647 684
1191 643538.091 3458865.876 3 28 1 0 680 712
1192 634834.421 3457033.793 1 58 1 0 760 805
1193 636816.191 3450623.130 2 86 1 0 911 947
1194 632962.601 3452040.428 1 5 1 0 640 690
1195 653822.641 3460050.783 1 42 1 0 725 757
1196 638990.963 3457861.644 3 85 1 0 878 908
1197 640256.032 3455006.706 1 20 1 0 837 867
1198 635490.753 3457434.869 2 48 1 0 544 589
1199 631255.369 3442172.515 1 2 1 0 571 617
1200 636871.179 3445361.711 1 19 1 0 727 767
1201 637164.686 3450546.820 4 19 1 0 636 693
1202 641248.901 3456702.225 4 72 1 0 726 780
1203 630591.661 3453512.013 4 5 1 0 826 875
1204 637192.016 3454800.801 2 3 1 0 780 810
1205 634897.229 3445659.662 4 94 1 0 783 826
1206 641476.067 3459731.018 3 71 1 0 796 855
1207 634927.368 3445633.102 3 86 1 0 884 932
1208 640598.014 3453675.490 2 5 1 0 610 651
1209 633554.619 3445003.610 4 30 1 0 715 769
1210 647506.674 3470851.013 1 62 1 0 674 729
1211 631498.806 3442572.016 2 21 1 0 668 712
1212 637815.052 3451683.187 3 46 1 0 803 843
1213 636722.494 3457327.627 3 10 1 0 548 604
1214 644423.632 3463489.842 2 14 1 0 848 899
1215 634899.010 3447334.156 3 47 1 0 655 695
1216 641915.602 3454848.022 1 47 1 0 629 668
1217 641507.257 3454707.791 4 95 1 0 569 625
1218 641858.062 3456171.486 4 27 1 0 768 800
1219 645181.942 3465783.146 2 27 1 0 706 744
1220 642449.211 3458196.639 1 59 1 0 618 656
1221 632625.539 3442255.050 4 41 1 0 616 662
1222 642427.416 3461999.719 4 50 1 0 860 914
1223 636289.363 3453996.094 2 58 1 0 861 903
1224 636356.841 3449035.074 3 51 1 0 563 614
1225 643412.079 3458648.580 4 31 1 0 870 921
1226 643369.243 3460091.589 1 65 1 0 875 931
1227 633340.674 3453280.853 3 47 1 0 711 759
1228 635530.393 3452042.347 4 86 1 0 901 959
1229 636763.519 3454679.742 2 63 1 0 811 869
1230 643159.327 3457051.412 3 58 1 0 804 857
1231 634127.120 3453879.794 3 56 1 0 685 741
1232 636650.825 3453931.488 2 10 1 0 927 972
1233 650994.924 3460533.333 4 91 1 0 779 812
1234 645367.805 3456169.345 3 82 1 0 954 1002
1235 643100.657 3459660.625 1 91 1 0 752 786
1236 644512.634 3452196.352 1 35 1 0 664 718
1237 640972.347 3456852.496 1 49 1 0 559 591
1238 634272.395 3461414.943 1 13 1 0 702 749
1239 641065.045 3462266.196 4 61 1 0 828 860
1240 633753.709 3456708.195 2 42 1 0 620 666
1241 633443.474 3445414.083 3 72 1 0 920 977
1242 629895.075 3457945.520 4 95 1 0 736 779
1243 645853.824 3455471.592 2 96 1 0 699 753
1244 635458.186 3454054.658 4 75 1 0 662 708
1245 638877.527 3459938.875 1 57 1 0 825 861
1246 639217.690 3454473.242 1 5 1 0 763 820
1247 641235.156 3456494.166 3 64 1 0 667 716
1248 636126.925 3452485.020 4 38 1 0 741 779
1249 639271.010 3460937.257 3 90 1 0 565 611
1250 645123.017 3451126.860 1 35 1 0 734 766
1251 646426.497 3462805.408 1 42 1 0 604 649
1252 630844.261 3443811.059 1 21 1 0 764 816
1253 636390.327 3453608.609 2 85 1 0 790 849
1254 634697.469 3457913.555 3 55 1 0 787 827
1255 636334.817 3451506.108 4 81 1 0 801 845
1256 648161.334 3453471.209 2 49 1 0 686 726
1257 634538.094 3441097.468 4 10 1 0 820 873
1258 648379.785 3453936.242 2 98 1 0 754 809
1259 641219.600 3456174.446 4 37 1 0 819 862
1260 637427.405 3455015.591 3 26 1 0 891 930
1261 636849.840 3468103.990 4 98 1 0 868 919
1262 629013.449 3454866.763 3 51 1 0 830 886
1263 634893.728 3461946.429 4 51 1 0 745 802
1264 651694.015 3452177.950 1 13 1 0 830 889
1265 636332.522 3445535.666 4 56 1 0 820 878
1266 638149.300 3465272.391 1 95 1 0 661 692
1267 628533.537 3451904.638 2 51 1 0 840 872
1268 626263.591 3447758.516 1 76 1 0 625 684
1269 638482.814 3449721.024 2 79 1 0 650 693
1270 648773.471 3468878.623 2 99 1 0 631 670
1271 638200.624 3464637.896 4 4 1 0 595 653
1272 649073.041 3457784.156 4 64 1 0 930 984
1273 636770.594 3466074.265 4 17 1 0 671 712
1274 654078.814 3454526.255 1 80 1 0 729 773
1275 639792.688 3459500.616 1 66 1 0 881 917
1276 637649.006 3451981.273 3 94 1 0 665 709
1277 653228.192 3462036.285 1 41 1 0 607 642
1278 641065.992 3467848.090 4 59 1 0 762 805
1279 642600.418 3455580.991 3 26 1 0 692 725
1280 638811.689 3457913.169 3 99 1 0 884 916
1281 646862.466 3457156.358 1 1 1 0 754 810
1282 631029.243 3457693.986 3 17 1 0 748 792
1283 631402.395 3451112.416 1 70 1 0 564 599
1284 643030.899 3459197.726 2 24 1 0 589 627
1285 635489.102 3462435.277 3 19 1 0 763 803
1286 639146.866 3459076.299 1 54 1 0 654 709
1287 646166.648 3462235.888 3 42 1 0 602 634
1288 643430.764 3458491.002 4 33 1 0 829 884
1289 643801.439 3459196.691 3 38 1 0 780 811
1290 637844.639 3453215.652 4 7 1 0 697 751
1291 634743.739 3442635.969 2 29 1 0 705 745
1292 636614.331 3457761.209 2 10 1 0 641 691
1293 634501.998 3448872.683 3 73 1 0 635 666
1294 633447.600 3457893.770 2 78 1 0 845 891
1295 632264.288 3450203.204 4 9 1 0 715 773
1296 636127.147 3449136.041 1 56 1 0 720 753
1297 629952.787 3443596.048 1 64 1 0 581 636
1298 641851.163 3455701.749 1 89 1 0 898 946
1299 633409.671 3459579.327 2 25 1 0 616 666
1300 635869.457 3459864.904 1 43 1 0 631 665
1301 651691.857 3459442.345 3 36 1 0 642 691
1302 649035.089 3457194.617 3 4 1 0 575 630
1303 640947.476 3467815.699 3 34 1 0 823 856
1304 642015.298 3457755.770 4 39 1 0 887 934
1305 635894.022 3459499.524 2 24 1 0 827 882
1306 637553.235 3450952.223 3 19 1 0 566 597
1307 646111.196 3464556.460 1 88 1 0 802 846
1308 633261.500 3457964.548 2 43 1 0 564 598
1309 648637.539 3455833.909 1 37 1 0 665 714
1310 641804.967 3458391.957 2 37 1 0 581 612
1311 640669.766 3458207.328 2 19 1 0 883 921
1312 638173.867 3453593.363 4 62 1 0 609 662
1313 644637.228 3455893.655 3 84 1 0 736 788
1314 636123.527 3447877.243 1 21 1 0 931 967
1315 645181.623 3465806.240 2 37 1 0 709 739
1316 628615.886 3450308.192 3 49 1 0 911 947
1317 638753.222 3457331.124 1 34 1 0 808 842
1318 653390.593 3465853.810 4 86 1 0 665 705
1319 636336.324 3446267.097 2 50 1 0 620 668
1320 640609.393 3456786.046 3 43 1 0 924 970
1321 635546.878 3453590.020 1 70 1 0 874 926
1322 639509.417 3461159.844 4 18 1 0 574 613
1323 641705.748 3455445.721 3 28 1 0 752 785
1324 629561.019 3447186.449 3 16 1 0 625 664
1325 627069.341 3454508.229 3 54 1 0 739 791
1326 633626.968 3445043.018 3 40 1 0 854 901
1327 642097.335 3454619.501 3 96 1 0 706 747
1328 639234.072 3452733.496 1 19 1 0 500 541
1329 637602.177 3445421.251 1 80 1 0 744 778
1330 644771.400 3462482.181 2 2 1 0 759 814
1331 641077.852 3456137.899 1 20 1 0 666 722
1332 650570.615 3458529.238 1 19 1 0 766 801
1333 641905.743 3454597.669 2 46 1 0 918 955
1334 640542.629 3460542.293 3 32 1 0 705 764
1335 626796.207 3445305.249 1 85 1 0 803 849
1336 644967.386 3455940.544 3 19 1 0 948 1002
1337 647699.944 3458053.506 3 52 1 0 606 655
1338 644827.348 3452412.399 2 25 1 0 595 648
1339 633263.383 3451805.568 1 67 1 0 727 769
1340 640506.945 3452069.036 2 78 1 0 945 1002
1341 648772.341 3450738.875 2 38 1 0 581 614
1342 647136.649 3455289.267 1 56 1 0 562 598
1343 631011.847 3457763.058 3 70 1 0 632 679
1344 644128.078 3457080.040 4 13 1 0 562 614
1345 639689.468 3455819.115 4 94 1 0 642 701
1346 640379.434 3461125.241 1 28 1 0 947 987
1347 633982.963 3449343.399 4 33 1 0 598 639
1348 641077.261 3459140.526 2 50 1 0 659 706
1349 647112.142 3462711.053 1 10 1 0 708 751
1350 641692.258 3449066.897 3 98 1 0 677 712
1351 627011.018 3444788.185 4 60 1 0 862 894
1352 651286.605 3453815.914 2 42 1 0 865 922
1353 645838.630 3464190.799 1 27 1 0 867 924
1354 643170.403 3447712.578 2 58 1 0 928 961
1355 636355.673 3456283.515 1 53 1 0 668 707
1356 641944.175 3458124.367 4 78 1 0 578 624
1357 633791.682 3454241.218 1 23 1 0 809 862
1358 638098.752 3462834.983 3 33 1 0 907 963
1359 642133.569 3458304.004 1 76 1 0 708 748
1360 656074.739 3456927.135 3 66 1 0 620 674
1361 641750.829 3456273.978 1 37 1 0 898 931
1362 653312.021 3463993.204 4 93 1 0 710 752
1363 640203.438 3460191.303 1 90 1 0 829 880
1364 648264.362 3458604.252 3 5 1 0 773 826
1365 635222.549 3452823.670 3 77 1 0 569 604
1366 650151.577 3461468.278 2 57 1 0 579 624
1367 632400.773 3442483.191 4 62 1 0 871 914
1368 648482.414 3455808.621 1 33 1 0 743 802
1369 633961.037 3446898.782 3 5 1 0 897 933
1370 653030.259 3467896.645 4 34 1 0 760 799
1371 627362.851 3444992.581 1 78 1 0 625 667
1372 645319.223 3461596.634 4 16 1 0 849 898
1373 641030.873 3454212.511 4 43 1 0 695 745
1374 638322.325 3453626.108 4 74 1 0 898 952
1375 644106.089 3463985.928 2 45 1 0 819 860
1376 642815.597 3455325.989 4 83 1 0 579 617
1377 637147.576 3459223.248 2 1 1 0 648 699
1378 637454.445 3454211.409 3 68 1 0 577 629
1379 635035.879 3449314.483 3 77 1 0 667 699
1380 645386.825 3451915.809 3 15 1 0 742 783
1381 648414.805 3451215.040 4 59 1 0 620 673
1382 633397.563 3456884.594 1 81 1 0 943 992
1383 642083.233 3453703.123 3 23 1 0 761 795
1384 638527.391 3453882.868 4 70 1 0 883 918
1385 631594.413 3458251.503 4 81 1 0 936 991
1386 636311.005 3452067.814 1 18 1 0 910 956
1387 642863.826 3450060.477 4 10 1 0 714 764
1388 641518.681 3462703.452 4 63 1 0 539 594
1389 638208.840 3454205.886 1 81 1 0 532 568
1390 644710.563 3461619.027 4 46 1 0 729 767
1391 634025.443 3439204.800 3 44 1 0 849 896
1392 636784.030 3455138.092 1 5 1 0 594 645
1393 650473.245 3469464.969 4 71 1 0 592 623
1394 639838.343 3460294.225 2 12 1 0 732 784
1395 637226.458 3456725.976 4 95 1 0 647 678
1396 644535.844 3456531.294 2 42 1 0 600 642
1397 640444.986 3446282.452 1 34 1 0 683 740
1398 640299.056 3455253.648 1 10 1 0 965 1011
1399 628352.528 3451552.147 4 89 1 0 915 949
1400 648071.974 3451117.827 3 54 1 0 616 664
1401 646606.180 3457033.445 3 19 1 0 782 828
1402 640751.331 3457796.520 1 58 1 0 650 688
1403 645921.558 3463456.668 4 46 1 0 827 859
1404 643323.199 3464190.784 3 29 1 0 651 707
1405 641302.942 3453661.828 1 97 1 0 809 841
1406 650162.196 3460725.433 1 99 1 0 721 773
1407 645470.728 3468073.850 3 95 1 0 904 944
1408 638742.345 3461411.450 4 36 1 0 671 714
1409 633136.972 3451334.348 1 79 1 0 709 754
1410 641772.158 3455427.368 1 19 1 0 609 663
1411 646330.824 3466819.280 4 54 1 0 792 848
1412 627790.743 3449578.348 3 3 1 0 599 638
1413 641258.242 3458469.287 3 56 1 0 761 797
1414 654967.254 3452610.557 2 85 1 0 819 867
1415 636375.254 3450170.886 1 41 1 0 577 618
1416 637272.175 3450170.976 3 80 1 0 631 663
1417 651277.447 3464333.253 1 44 1 0 852 907
1418 632060.154 3443237.241 2 22 1 0 692 732
1419 640387.813 3453310.834 4 77 1 0 783 833
1420 641957.093 3456677.111 1 85 1 0 660 714
1421 644213.276 3460272.522 1 15 1 0 860 894
1422 641876.326 3465102.719 1 66 1 0 600 646
1423 644086.769 3452363.750 3 60 1 0 702 744
1424 631668.291 3455519.381 2 85 1 0 583 637
1425 645817.314 3464059.615 3 52 1 0 603 651
1426 641411.282 3458155.682 3 17 1 0 667 718
1427 637781.122 3451494.120 3 59 1 0 563 614
1428 639219.716 3456070.805 4 10 1 0 932 987
1429 641828.552 3465702.609 1 4 1 0 741 796
1430 627017.854 3446147.042 1 50 1 0 587 635
1431 648367.418 3453169.989 3 22 1 0 689 736
1432 639944.634 3457774.205 3 50 1 0 849 884
1433 633283.650 3440230.893 4 50 1 0 821 874
1434 645411.782 3462075.270 1 12 1 0 700 744
1435 639202.867 3463084.388 1 64 1 0 740 783
1436 642308.091 3458360.259 2 47 1 0 761 804
1437 646451.180 3447237.902 4 77 1 0 834 877
1438 636684.858 3460984.126 1 89 1 0 625 682
1439 636190.953 3452651.373 4 11 1 0 671 724
1440 641807.636 3459419.823 4 36 1 0 826 882
1441 646311.895 3448925.934 1 94 1 0 820 869
1442 635474.883 3456098.913 3 95 1 0 699 731
1443 648432.167 3459134.026 3 35 1 0 872 925
1444 634991.970 3441611.362 4 1 1 0 808 851
1445 633858.748 3458849.799 1 39 1 0 878 910
1446 637989.384 3446450.246 4 92 1 0 779 819
1447 628844.657 3444579.435 4 15 1 0 766 805
1448 630886.982 3453442.542 4 51 1 0 648 694
1449 636548.413 3450600.411 2 32 1 0 671 715
1450 633472.819 3452774.409 1 12 1 0 950 980
1451 644863.980 3460323.820 1 78 1 0 914 945
1452 648237.686 3445445.827 1 6 1 0 579 633
1453 644194.626 3464999.597 3 60 1 0 602 650
1454 639139.369 3454141.152 2 32 1 0 631 686
1455 628226.323 3455122.746 2 57 1 0 728 764
1456 638329.281 3456621.085 4 74 1 0 850 892
1457 631465.032 3464886.223 3 30 1 0 742 777
1458 635631.147 3457063.284 1 62 1 0 767 803
1459 650530.817 3467987.484 3 86 1 0 645 692
1460 640854.075 3457039.539 1 54 1 0 743 802
1461 632852.296 3441341.764 3 48 1 0 614 666
1462 636854.511 3450985.473 3 1 1 0 864 919
1463 639938.649 3456981.126 4 24 1 0 786 845
1464 637455.480 3460459.104 3 26 1 0 802 861
1465 635641.968 3453656.685 3 1 1 0 859 907
1466 630918.326 3450386.570 3 66 1 0 546 597
1467 637204.955 3451521.249 3 13 1 0 780 833
1468 638627.845 3456805.941 1 76 1 0 743 775
1469 638054.791 3455104.639 1 14 1 0 849 890
1470 632430.485 3452253.140 4 61 1 0 738 796
1471 642109.957 3453684.236 1 35 1 0 617 670
1472 636039.199 3446971.551 2 71 1 0 818 856
1473 636224.342 3460547.004 4 87 1 0 875 915
1474 634730.058 3448121.118 4 87 1 0 615 658
1475 643872.882 3446694.308 2 21 1 0 722 779
1476 628830.429 3447373.819 1 60 1 0 891 924
1477 650952.188 3458904.283 1 44 1 0 809 861
1478 635490.936 3454851.908 4 64 1 0 725 758
1479 643677.485 3456892.945 4 21 1 0 773 807
1480 633477.663 3453436.563 3 75 1 0 887 919
1481 638266.634 3459372.642 2 92 1 0 739 788
1482 639421.698 3454806.998 4 80 1 0 738 780
1483 641626.663 3462785.749 4 68 1 0 844 874
1484 645812.940 3464136.547 2 8 1 0 607 644
1485 639696.679 3452781.965 3 96 1 0 533 585
1486 654517.630 3466975.260 1 39 1 0 652 688
1487 636765.422 3450965.069 2 88 1 0 968 1007
1488 635916.199 3450607.639 2 73 1 0 530 561
1489 640546.558 3455299.295 1 11 1 0 757 791
1490 654486.333 3449974.114 2 55 1 0 581 618
1491 636530.959 3451181.446 1 66 1 0 959 1014
1492 633842.864 3454118.688 3 67 1 0 728 787
1493 637852.339 3451868.447 4 54 1 0 945 999
1494 640903.716 3456543.615 3 42 1 0 897 948
1495 658869.040 3461584.978 4 73 1 0 801 851
1496 646810.093 3454745.760 2 22 1 0 716 773
1497 632741.991 3456152.618 3 69 1 0 645 680
1498 642847.417 3453955.981 2 6 1 0 545 600
1499 652335.056 3466619.931 4 79 1 0 655 692
1500 651085.406 3459529.853 2 53 1 0 825 883
1501 646728.259 3463448.667 1 6 1 0 787 822
1502 638223.865 3452304.452 2 16 1 0 653 704
1503 634101.181 3461100.951 4 48 1 0 556 598
1504 641299.986 3458562.237 3 44 1 0 621 660
1505 641509.652 3456497.854 4 10 1 0 922 978
1506 652112.953 3458909.466 4 26 1 0 633 669
1507 641579.270 3460906.522 1 96 1 0 779 828
1508 652479.367 3457132.340 4 52 1 0 828 878
1509 644819.952 3461358.760 4 27 1 0 819 851
1510 638770.776 3452234.652 3 90 1 0 957 1003
1511 640505.697 3453651.161 2 82 1 0 641 692
1512 635587.054 3449694.945 1 6 1 0 662 712
1513 630480.435 3445919.812 2 26 1 0 761 815
1514 643205.035 3459280.938 4 90 1 0 568 613
1515 638221.743 3465292.593 4 37 1 0 644 701
1516 629540.356 3457209.771 1 29 1 0 589 646
1517 631739.497 3448233.481 3 19 1 0 794 828
1518 635640.341 3456863.232 3 34 1 0 546 595
1519 640637.366 3451966.839 3 6 1 0 545 577
1520 652577.769 3466746.654 3 96 1 0 788 845
1521 634008.590 3453054.517 3 23 1 0 648 696
1522 633949.514 3461845.805 3 8 1 0 694 750
1523 640890.356 3459515.274 3 75 1 0 894 924
1524 629292.365 3449388.788 2 86 1 0 622 672
1525 641515.630 3460967.258 1 43 1 0 872 909
1526 646099.351 3466592.770 1 14 1 0 710 740
1527 632267.281 3443093.557 4 84 1 0 697 754
1528 630188.581 3457745.135 4 81 1 0 668 716
1529 653257.216 3460273.507 3 14 1 0 792 845
1530 637874.598 3455475.675 4 82 1 0 947 978
1531 641296.852 3457072.424 2 30 1 0 727 757
1532 632513.164 3453308.903 4 72 1 0 722 767
1533 645815.573 3446274.412 1 28 1 0 851 893
1534 638453.506 3454721.080 3 66 1 0 911 948
1535 635632.668 3454892.227 4 37 1 0 704 757
1536 640881.494 3458202.463 3 34 1 0 761 807
1537 636009.811 3456171.255 1 49 1 0 718 774
1538 643526.651 3458734.834 3 39 1 0 924 980
1539 634952.598 3464052.836 1 81 1 0 555 605
1540 649940.390 3468837.515 1 70 1 0 719 761
1541 636407.700 3454821.404 1 63 1 0 591 650
1542 640479.475 3457350.190 1 19 1 0 897 939
1543 634939.563 3449340.196 4 42 1 0 705 740
1544 632483.218 3450163.610 4 13 1 0 615 658
1545 640877.098 3458036.875 2 68 1 0 887 939
1546 644962.000 3457291.679 2 76 1 0 933 990
1547 643483.784 3456543.840 4 61 1 0 531 585
1548 645546.753 3455428.845 1 58 1 0 542 595
1549 645147.834 3465859.667 4 62 1 0 863 914
1550 653849.441 3453240.932 4 50 1 0 828 880
1551 641580.353 3456160.046 2 40 1 0 659 692
1552 642031.935 3458972.454 1 50 1 0 778 820
1553 640679.278 3456259.597 1 81 1 0 794 828
1554 646538.064 3459072.802 4 74 1 0 713 762
1555 630688.889 3438158.428 4 10 1 0 702 747
1556 639347.043 3458694.000 2 44 1 0 867 917
1557 642192.334 3458605.064 4 34 1 0 746 782
1558 634301.255 3456049.224 2 40 1 0 555 601
1559 643634.609 3452761.779 4 79 1 0 543 596
1560 629954.533 3449908.882 3 18 1 0 843 885
1561 643203.176 3448225.008 2 66 1 0 782 824
1562 645723.180 3446731.233 4 15 1 0 862 905
1563 651200.360 3458665.317 3 13 1 0 707 765
1564 644487.352 3465103.716 2 68 1 0 815 850
1565 633840.453 3456909.467 3 20 1 0 719 756
1566 642181.657 3462569.976 3 92 1 0 620 657
1567 638536.815 3455680.694 1 37 1 0 768 824
1568 642841.323 3453917.403 1 70 1 0 803 856
1569 639544.691 3460744.564 1 86 1 0 706 742
1570 634564.638 3457180.466 1 58 1 0 605 637
1571 641163.895 3456381.573 1 43 1 0 757 797
1572 639136.525 3455357.550 4 26 1 0 809 864
1573 638537.995 3455842.388 4 1 1 0 846 887
1574 648129.515 3463006.387 4 29 1 0 811 861
1575 641517.595 3458611.358 1 3 1 0 565 597
1576 637059.895 3457324.319 2 88 1 0 963 1020
1577 655565.149 3455371.967 1 80 1 0 758 801
1578 635202.968 3457180.953 2 81 1 0 707 755
1579 631732.253 3448283.431 4 22 1 0 891 937
1580 637844.729 3451691.274 2 47 1 0 665 695
1581 646973.349 3451106.302 4 74 1 0 665 707
1582 643089.323 3450028.889 1 45 1 0 645 701
1583 643817.867 3443925.759 1 8 1 0 870 916
1584 631379.786 3464303.896 1 38 1 0 596 653
1585 633535.441 3453837.630 1 78 1 0 587 629
1586 632892.470 3456547.154 1 14 1 0 947 1000
1587 634654.641 3463317.612 2 48 1 0 589 636
1588 637802.257 3451902.437 4 45 1 0 552 584
1589 635231.988 3457239.067 1 35 1 0 586 636
1590 629100.308 3458301.418 3 5 1 0 680 731
1591 649871.384 3470888.453 4 14 1 0 851 900
1592 651839.836 3459729.363 4 21 1 0 805 839
1593 630391.144 3449394.617 2 81 1 0 813 868
1594 657004.667 3462877.445 2 4 1 0 875 932
1595 642751.047 3459836.800 4 82 1 0 639 685
1596 632611.590 3460196.677 3 88 1 0 712 754
1597 632920.884 3453248.601 3 57 1 0 772 803
1598 642626.383 3453664.270 4 79 1 0 738 783
1599 646687.083 3461427.018 1 28 1 0 891 924
1600 641796.303 3453880.183 4 44 1 0 695 739
1601 648783.445 3458615.435 2 41 1 0 747 785
1602 647986.928 3461395.207 2 98 1 0 596 645
1603 637084.602 3452378.105 1 63 1 0 543 602
1604 636801.702 3456832.077 2 78 1 0 937 968
1605 638963.221 3455955.780 3 35 1 0 871 912
1606 649862.870 3468251.242 2 41 1 0 697 755
1607 639170.720 3454772.881 1 3 1 0 844 879
1608 636335.694 3450158.826 1 65 1 0 571 629
1609 642310.994 3459611.406 4 72 1 0 589 648
1610 638172.830 3454932.962 3 50 1 0 875 918
1611 636649.760 3446351.986 2 75 1 0 718 755
1612 637353.604 3457374.344 1 93 1 0 648 692
1613 648689.752 3452369.957 3 83 1 0 746 805
1614 630396.721 3451084.530 1 7 1 0 657 711
1615 637708.010 3453036.791 3 19 1 0 943 997
1616 628944.702 3449399.929 1 21 1 0 740 794
1617 640776.555 3455664.223 2 3 1 0 901 940
1618 638594.954 3455284.964 4 73 1 0 940 972
1619 637572.202 3453554.691 4 82 1 0 824 869
1620 640751.644 3453073.171 1 49 1 0 555 605
1621 636820.249 3450565.441 1 76 1 0 803 862
1622 633647.464 3445254.991 4 18 1 0 849 889
1623 631731.100 3440407.765 3 12 1 0 752 795
1624 641786.431 3453876.201 4 66 1 0 966 1003
1625 633341.735 3453719.694 1 66 1 0 681 740
1626 638473.183 3454482.671 4 43 1 0 799 845
1627 628578.743 3447925.043 2 7 1 0 740 787
1628 652759.644 3463788.809 1 63 1 0 862 911
1629 643430.498 3458995.293 4 41 1 0 565 611
1630 636489.191 3445710.911 1 48 1 0 806 836
1631 631239.678 3457527.238 3 72 1 0 680 736
1632 647839.506 3453297.303 1 33 1 0 676 709
1633 641631.736 3453570.007 2 75 1 0 957 1011
1634 645157.520 3461813.827 2 32 1 0 654 688
1635 642553.266 3453932.748 3 25 1 0 668 720
1636 641729.949 3456350.688 3 27 1 0 863 894
1637 647565.708 3455125.889 1 28 1 0 690 720
1638 645829.315 3451267.494 1 7 1 0 837 878
1639 633844.615 3460997.594 3 64 1 0 741 771
1640 651114.858 3460011.493 3 75 1 0 674 732
1641 641033.247 3452799.773 1 26 1 0 847 895
1642 637687.083 3459438.174 4 78 1 0 805 838
1643 649423.754 3454747.885 1 32 1 0 882 929
1644 628801.792 3449448.224 1 89 1 0 906 958
1645 643894.604 3456738.080 2 3 1 0 878 920
1646 653262.543 3460134.993 2 57 1 0 719 772
1647 633940.544 3455802.114 4 57 1 0 934 967
1648 638391.470 3450628.293 2 31 1 0 820 867
1649 640732.774 3458935.732 1 45 1 0 954 1006
1650 647750.522 3445947.147 4 54 1 0 899 937
1651 646275.030 3462287.443 1 43 1 0 713 750
1652 634552.776 3463785.939 3 97 1 0 574 633
1653 645117.553 3464943.031 1 39 1 0 752 803
1654 636266.092 3458091.593 1 72 1 0 909 962
1655 638395.843 3459605.312 1 63 1 0 799 838
1656 643016.676 3450016.355 4 76 1 0 630 681
1657 638118.364 3453788.958 2 80 1 0 935 966
1658 635884.935 3462501.984 1 33 1 0 840 899
1659 628623.725 3450208.206 1 58 1 0 742 781
1660 640745.396 3456757.069 2 27 1 0 695 739
1661 639447.747 3452089.611 2 91 1 0 567 616
1662 638966.646 3457949.861 3 58 1 0 651 707
1663 635806.594 3450894.932 4 46 1 0 786 837
1664 639617.894 3456476.429 1 21 1 0 641 673
1665 640370.552 3452371.328 2 6 1 0 964 1018
1666 648885.126 3445558.873 4 98 1 0 812 842
1667 639431.156 3458086.893 3 81 1 0 872 913
1668 636744.641 3457404.904 4 54 1 0 609 650
1669 640628.964 3456559.186 2 1 1 0 559 616
1670 639696.462 3460022.871 1 60 1 0 669 720
1671 633435.222 3452346.653 2 38 1 0 828 870
1672 634698.914 3449263.982 1 77 1 0 527 572
1673 629391.115 3457512.031 2 61 1 0 548 590
1674 641604.547 3448449.801 3 92 1 0 884 934
1675 643181.524 3459307.565 3 59 1 0 833 885
1676 646928.549 3460710.507 4 79 1 0 753 812
1677 641174.847 3462213.778 3 60 1 0 594 630
1678 635563.479 3461539.313 1 91 1 0 756 796
1679 645844.328 3451856.688 2 26 1 0 745 780
1680 644375.062 3453541.814 3 79 1 0 888 920
1681 643516.915 3461868.269 1 33 1 0 722 756
1682 644279.780 3450834.267 1 15 1 0 758 808
1683 638702.452 3443330.013 4 31 1 0 727 772
1684 638471.819 3458105.012 3 5 1 0 887 928
1685 640376.323 3452683.213 3 46 1 0 641 695
1686 645161.632 3459122.997 4 62 1 0 752 806
1687 639091.938 3460977.229 1 89 1 0 611 652
1688 631278.246 3451780.651 2 39 1 0 572 604
1689 636504.090 3451211.894 1 13 1 0 881 919
1690 645597.751 3455329.461 4 75 1 0 673 724
1691 630310.118 3447915.487 2 14 1 0 832 875
1692 645620.344 3454413.568 3 24 1 0 767 798
1693 629525.396 3453587.380 2 36 1 0 878 930
1694 633583.342 3439845.893 2 65 1 0 710 753
1695 640464.168 3458743.513 3 92 1 0 618 649
1696 645442.991 3458865.112 1 67 1 0 746 782
1697 639721.893 3454622.353 3 82 1 0 568 619
1698 639621.260 3453978.153 2 67 1 0 622 681
1699 646218.610 3455646.037 3 75 1 0 935 969
1700 631271.817 3453358.797 1 28 1 0 874 918
1701 638990.963 3457861.644 4 2 1 0 597 633
1702 641964.223 3455903.450 4 53 1 0 904 954
1703 642499.310 3449847.671 1 86 1 0 788 825
1704 642531.648 3456750.322 3 49 1 0 826 867
1705 650959.437 3452402.232 3 59 1 0 748 783
1706 634999.575 3449306.320 4 69 1 0 612 642
1707 640653.241 3461171.249 2 83 1 0 567 626
1708 641924.773 3461519.416 3 43 1 0 669 706
1709 651814.360 3461492.181 4 51 1 0 622 671
1710 647017.810 3457874.562 3 6 1 0 577 614
1711 633227.136 3457544.529 2 39 1 0 872 915
1712 636952.230 3449831.917 3 60 1 0 594 642
1713 637587.357 3451634.018 1 26 1 0 885 941
1714 637003.472 3454036.156 2 29 1 0 712 762
1715 645991.748 3457452.207 3 83 1 0 749 803
1716 640194.854 3455129.075 3 19 1 0 623 682
1717 646501.094 3453413.339 4 67 1 0 823 874
1718 637385.609 3456443.193 2 24 1 0 619 673
1719 633753.504 3451515.376 4 75 1 0 609 651
1720 633845.791 3459088.298 2 29 1 0 824 860
1721 631759.789 3442890.906 1 3 1 0 875 908
1722 641811.786 3456659.753 3 32 1 0 670 706
1723 639548.172 3454250.498 4 84 1 0 708 744
1724 630754.358 3454264.651 4 99 1 0 853 906
1725 636200.539 3460342.674 4 57 1 0 645 680
1726 644259.277 3463903.342 2 75 1 0 653 687
1727 631652.615 3440325.953 1 27 1 0 686 721
1728 648733.175 3450699.826 1 44 1 0 908 964
1729 655285.096 3450578.709 3 1 1 0 897 956
1730 655361.927 3450980.216 2 65 1 0 836 892
1731 638153.002 3452661.522 4 75 1 0 976 1012
1732 641446.458 3456277.581 3 4 1 0 901 934
1733 638322.715 3454603.876 1 96 1 0 510 540
1734 638643.566 3452848.891 2 6 1 0 944 998
1735 641378.500 3456657.771 3 19 1 0 951 990
1736 651180.688 3460262.673 4 13 1 0 824 857
1737 628349.253 3445835.956 1 86 1 0 562 602
1738 630528.863 3462830.510 1 5 1 0 724 775
1739 635969.585 3459793.060 4 80 1 0 679 712
1740 640343.713 3455874.014 3 82 1 0 687 736
1741 640532.660 3455349.153 1 8 1 0 571 616
1742 635638.561 3453664.340 2 40 1 0 933 965
1743 632097.517 3442102.167 1 3 1 0 727 778
1744 644514.168 3450394.779 1 85 1 0 813 864
1745 636044.364 3460402.242 2 21 1 0 706 737
1746 628892.006 3450461.686 4 13 1 0 717 756
1747 637581.062 3450848.652 1 18 1 0 592 636
1748 629460.007 3449752.678 4 43 1 0 658 691
1749 638147.511 3451818.421 4 58 1 0 501 535
1750 644644.841 3454858.222 2 13 1 0 937 992
1751 641947.953 3445066.867 2 51 1 0 733 787
1752 629446.297 3452754.958 2 73 1 0 657 711
1753 645589.492 3454012.784 4 22 1 0 596 636
1754 637926.186 3451788.575 4 66 1 0 514 564
1755 637316.239 3455422.182 2 63 1 0 539 591
1756 632147.511 3453181.129 3 64 1 0 891 929
1757 640407.124 3463504.631 1 5 1 0 815 846
1758 651254.293 3458134.830 1 89 1 0 600 645
1759 637318.075 3443077.125 4 36 1 0 595 636
1760 646529.713 3464173.480 3 94 1 0 771 830
1761 637642.969 3451176.662 1 36 1 0 644 691
1762 643983.806 3460850.665 1 63 1 0 630 684
1763 639926.454 3456157.170 1 88 1 0 566 599
1764 645654.258 3445486.877 4 25 1 0 600 657
1765 647566.927 3455510.870 4 20 1 0 725 763
1766 645191.695 3466272.188 1 81 1 0 782 835
1767 641177.747 3456828.304 4 34 1 0 942 993
1768 630984.274 3454398.386 1 95 1 0 926 975
1769 632842.841 3452878.078 2 19 1 0 703 738
1770 631958.482 3465331.252 3 1 1 0 690 720
1771 636355.476 3454766.835 2 10 1 0 754 785
1772 632721.257 3458057.800 2 47 1 0 737 776
1773 653041.927 3459843.045 1 95 1 0 745 789
1774 646350.567 3466588.575 4 49 1 0 640 678
1775 634996.756 3445903.443 1 32 1 0 938 996
1776 647042.101 3462991.098 3 89 1 0 687 740
1777 632938.799 3453926.315 4 10 1 0 550 605
1778 647410.356 3457241.015 4 59 1 0 671 712
1779 642264.542 3452527.615 1 5 1 0 816 856
1780 634019.113 3454567.459 2 83 1 0 692 729
1781 640044.776 3456462.855 2 31 1 0 558 616
1782 638794.446 3455961.251 2 20 1 0 882 927
1783 640027.099 3458287.288 1 27 1 0 705 755
1784 638064.355 3468208.463 1 32 1 0 599 640
1785 641665.433 3453770.635 3 2 1 0 627 673
1786 641327.305 3463413.044 1 54 1 0 784 831
1787 638276.230 3460904.868 3 15 1 0 697 740
1788 630661.496 3458278.361 3 89 1 0 650 703
1789 637729.439 3455192.764 2 72 1 0 760 800
1790 645408.044 3456608.756 1 86 1 0 643 676
1791 643972.319 3462170.923 2 4 1 0 771 817
1792 640602.301 3462506.360 3 59 1 0 915 963
1793 643922.344 3456161.023 3 23 1 0 933 964
1794 642645.936 3454419.045 4 20 1 0 946 981
1795 635098.092 3456848.555 2 63 1 0 550 597
1796 636433.738 3451022.362 4 76 1 0 648 686
1797 637117.873 3451346.891 1 29 1 0 703 742
1798 637673.050 3452420.423 3 20 1 0 711 758
1799 640203.438 3460191.303 2 93 1 0 750 780
1800 635021.119 3463865.094 4 11 1 0 919 962
1801 649479.834 3458251.893 4 7 1 0 882 938
1802 639700.615 3458217.503 4 5 1 0 587 642
1803 630655.199 3443835.665 4 68 1 0 731 767
1804 640352.503 3459180.867 1 60 1 0 538 569
1805 633553.761 3464627.751 3 99 1 0 747 782
1806 631496.536 3450463.054 4 57 1 0 623 657
1807 635331.974 3452547.918 2 62 1 0 683 739
1808 640873.991 3464677.305 4 3 1 0 623 654
1809 640063.676 3453799.253 4 17 1 0 793 851
1810 632095.959 3453334.457 3 18 1 0 939 987
1811 640195.170 3453366.010 4 85 1 0 620 660
1812 643504.892 3460328.266 1 74 1 0 919 956
1813 641854.670 3459120.193 4 53 1 0 603 653
1814 648786.043 3458665.518 3 98 1 0 827 883
1815 635926.289 3448540.645 2 9 1 0 716 752
1816 644641.005 3461868.294 3 81 1 0 623 669
1817 639314.286 3452422.749 2 10 1 0 631 663
1818 640280.301 3452439.416 2 59 1 0 724 780
1819 632748.359 3444342.914 3 23 1 0 841 877
1820 646364.158 3467035.328 1 63 1 0 668 707
1821 643758.087 3461398.067 2 33 1 0 796 833
1822 637247.876 3455844.730 1 92 1 0 578 625
1823 635602.457 3453898.689 2 51 1 0 873 921
1824 651230.498 3459558.888 4 46 1 0 695 742
1825 633418.862 3464579.841 4 12 1 0 650 700
1826 638836.707 3457270.634 1 53 1 0 948 988
1827 632605.230 3452828.892 1 65 1 0 663 693
1828 642760.289 3455013.425 3 33 1 0 962 994
1829 631487.773 3459374.184 4 43 1 0 809 842
1830 628367.457 3451956.503 2 44 1 0 931 972
1831 651015.138 3469461.220 2 7 1 0 646 698
1832 632342.597 3445277.054 1 8 1 0 596 635
1833 643696.512 3459614.861 4 95 1 0 909 954
1834 648032.992 3461411.255 1 68 1 0 576 624
1835 657214.992 3461637.085 4 46 1 0 620 663
1836 638787.986 3442869.207 1 97 1 0 611 661
1837 638886.581 3453741.319 4 26 1 0 931 990
1838 641553.051 3449080.426 4 63 1 0 555 592
1839 638724.485 3460260.211 2 25 1 0 696 745
1840 642791.915 3447303.252 3 1 1 0 769 813
1841 644234.221 3454644.711 1 98 1 0 617 653
1842 644597.293 3464081.227 4 98 1 0 621 660
1843 648500.263 3458761.569 3 8 1 0 676 709
1844 643890.708 3457022.896 3 91 1 0 530 567
1845 651034.541 3460537.752 3 90 1 0 831 867
1846 635324.916 3457471.228 1 19 1 0 866 907
1847 636561.083 3453452.995 4 62 1 0 966 1018
1848 634121.626 3443898.336 2 20 1 0 613 660
1849 626629.606 3444564.202 1 11 1 0 641 699
1850 632080.132 3450901.474 4 25 1 0 568 619
1851 645995.100 3462922.588 1 25 1 0 865 899
1852 639424.411 3456100.462 4 99 1 0 516 557
1853 646609.710 3459389.472 1 69 1 0 565 623
1854 632156.975 3440259.104 3 4 1 0 723 777
1855 641486.397 3449114.177 2 69 1 0 630 677
1856 639022.989 3443384.266 4 9 1 0 603 641
1857 641984.030 3453944.305 1 79 1 0 704 737
1858 647864.338 3453178.313 1 21 1 0 900 958
1859 642523.183 3460545.878 4 76 1 0 670 703
1860 641591.323 3452884.249 3 72 1 0 627 677
1861 643288.498 3454366.177 1 96 1 0 968 1023
1862 639958.122 3458251.724 2 47 1 0 671 724
1863 636846.397 3450080.754 4 84 1 0 735 794
1864 634773.008 3456147.641 1 36 1 0 818 866
1865 648768.886 3452390.323 2 49 1 0 715 750
1866 656841.642 3461396.661 2 24 1 0 737 773
1867 639410.262 3466382.348 4 60 1 0 802 859
1868 629103.630 3449124.726 3 37 1 0 697 743
1869 628884.153 3454349.372 4 62 1 0 760 811
1870 655380.288 3450857.294 2 33 1 0 663 709
1871 646836.507 3464689.776 3 8 1 0 912 960
1872 635713.553 3462973.251 2 33 1 0 604 641
1873 644908.834 3461386.934 3 97 1 0 697 743
1874 645305.978 3455136.798 2 83 1 0 713 743
1875 646041.134 3461514.257 3 81 1 0 840 871
1876 628300.689 3449557.594 3 32 1 0 867 915
1877 634186.203 3453137.615 3 20 1 0 609 661
1878 629741.078 3453536.144 2 54 1 0 787 817
1879 644933.173 3456983.313 3 27 1 0 730 780
1880 631263.874 3446818.709 2 1 1 0 613 661
1881 649062.659 3465968.483 2 3 1 0 854 899
1882 632640.532 3442644.017 1 32 1 0 852 910
1883 637325.340 3457512.556 1 77 1 0 881 929
1884 627178.104 3444936.466 2 18 1 0 889 948
1885 642188.278 3447630.009 3 28 1 0 773 824
1886 638846.336 3454033.348 4 28 1 0 940 981
1887 640525.222 3455410.645 2 41 1 0 696 748
1888 644474.019 3461269.304 3 77 1 0 552 585
1889 634268.992 3458058.203 1 25 1 0 610 659
1890 639934.172 3457566.192 3 39 1 0 662 706
1891 635212.819 3456157.133 3 20 1 0 947 993
1892 658529.540 3463046.658 3 60 1 0 709 756
1893 629502.657 3440330.215 1 59 1 0 736 773
1894 637621.947 3456835.077 3 38 1 0 782 828
1895 635704.955 3455443.626 1 39 1 0 845 885
1896 635451.751 3444762.160 2 76 1 0 939 975
1897 632426.514 3460452.252 4 68 1 0 922 962
1898 644771.293 3462489.879 1 5 1 0 578 626
1899 636132.908 3444324.388 1 45 1 0 897 941
1900 639281.303 3452414.614 3 75 1 0 654 697
1901 650382.272 3468897.746 4 57 1 0 689 744
1902 641091.329 3455626.093 2 79 1 0 952 998
1903 646853.575 3462761.328 1 19 1 0 572 630
1904 642618.268 3462552.801 4 11 1 0 845 875
1905 646361.931 3466484.792 3 50 1 0 862 914
1906 649515.782 3468492.668 4 12 1 0 610 646
1907 643928.892 3461238.723 4 1 1 0 892 927
1908 643380.017 3462209.013 4 32 1 0 918 975
1909 638505.131 3459090.920 4 58 1 0 573 609
1910 636859.557 3455435.481 2 17 1 0 870 919
1911 632206.605 3465834.802 4 12 1 0 602 661
1912 640083.689 3456024.529 4 40 1 0 707 765
1913 644747.739 3460360.714 2 23 1 0 793 834
1914 637869.541 3466943.252 3 16 1 0 613 669
1915 636537.938 3450642.619 1 73 1 0 615 661
1916 643897.674 3460379.834 2 50 1 0 828 865
1917 645155.185 3457194.253 2 63 1 0 591 641
1918 638595.774 3454468.887 4 82 1 0 961 1011
1919 646986.292 3449227.878 3 8 1 0 544 598
1920 636416.153 3441364.030 2 6 1 0 717 749
1921 650619.498 3466645.190 2 56 1 0 891 934
1922 641069.854 3454513.295 4 26 1 0 825 869
1923 631714.157 3465312.783 2 73 1 0 774 825
1924 634740.425 3447309.034 3 68 1 0 675 712
1925 632684.491 3457826.373 1 53 1 0 751 803
1926 630464.563 3457625.376 4 51 1 0 794 838
1927 631675.677 3445919.251 1 13 1 0 557 609
1928 639973.467 3457347.293 3 45 1 0 757 811
1929 651036.026 3452830.645 1 73 1 0 788 837
1930 632109.658 3442190.853 2 69 1 0 667 721
1931 637018.163 3454686.902 3 24 1 0 637 694
1932 634046.650 3453443.789 1 39 1 0 588 619
1933 641387.503 3453278.012 1 84 1 0 906 936
1934 634311.627 3464033.063 4 57 1 0 668 713
1935 628490.085 3449225.014 2 43 1 0 816 850
1936 632768.591 3454043.498 4 37 1 0 693 751
1937 629269.875 3452841.325 3 76 1 0 648 707
1938 642188.924 3458612.717 1 67 1 0 548 607
1939 639295.707 3453827.562 2 73 1 0 517 548
1940 632567.869 3457370.675 3 41 1 0 926 958
1941 651898.509 3457270.226 1 47 1 0 821 872
1942 640997.949 3454200.521 3 19 1 0 689 734
1943 639371.067 3463860.376 1 96 1 0 887 939
1944 648295.737 3460833.659 2 94 1 0 848 904
1945 643186.058 3454357.084 4 3 1 0 565 619
1946 643237.951 3453460.845 4 98 1 0 772 821
1947 635600.281 3460481.189 3 17 1 0 785 836
1948 636367.126 3455910.268 2 94 1 0 953 986
1949 632509.393 3442272.840 2 27 1 0 671 721
1950 648298.155 3457380.534 2 9 1 0 791 832
1951 639070.825 3454571.388 3 16 1 0 789 839
1952 638793.651 3455018.119 3 56 1 0 931 985
1953 637368.347 3455738.517 2 38 1 0 855 896
1954 654830.270 3467287.861 4 62 1 0 635 681
1955 644677.640 3452229.412 4 56 1 0 856 902
1956 642107.598 3459735.689 4 5 1 0 650 691
1957 644547.782 3462155.732 1 37 1 0 926 965
1958 638197.148 3456607.800 3 15 1 0 617 671
1959 646438.575 3460753.711 1 86 1 0 846 900
1960 639278.081 3458158.005 4 58 1 0 851 900
1961 638844.402 3444625.280 3 68 1 0 591 645
1962 641292.774 3455898.263 3 81 1 0 827 876
1963 633126.566 3446126.059 4 46 1 0 539 575
1964 640039.471 3460089.029 3 37 1 0 830 876
1965 650228.605 3469014.884 3 15 1 0 680 726
1966 651711.360 3453960.614 1 11 1 0 767 815
1967 642009.807 3453259.437 2 88 1 0 723 761
1968 640587.585 3455199.755 3 2 1 0 788 826
1969 644504.609 3462890.415 3 55 1 0 783 833
1970 655316.233 3457889.909 1 79 1 0 788 847
1971 637434.866 3455204.311 1 86 1 0 941 974
1972 641622.986 3460606.846 2 14 1 0 806 836
1973 646489.407 3459953.692 1 98 1 0 664 697
1974 638908.248 3459866.140 3 7 1 0 676 714
1975 640960.139 3463431.203 4 12 1 0 668 713
1976 639686.809 3458509.883 4 20 1 0 611 645
1977 639480.048 3455396.742 4 82 1 0 686 741
1978 628985.543 3449308.046 4 77 1 0 777 823
1979 638324.948 3453930.250 2 57 1 0 943 983
1980 628592.808 3454638.356 4 20 1 0 772 826
1981 639738.640 3456350.999 3 89 1 0 844 899
1982 636699.400 3452992.858 3 28 1 0 921 971
1983 639241.514 3460917.619 2 87 1 0 888 926
1984 633214.808 3458256.511 4 42 1 0 657 703
1985 643537.096 3460875.349 2 25 1 0 559 595
1986 645931.385 3456319.582 4 85 1 0 627 674
1987 645193.887 3462053.007 3 59 1 0 742 788
1988 636915.664 3452137.244 2 61 1 0 580 638
1989 640905.322 3456670.671 4 77 1 0 945 976
1990 641596.818 3458131.232 4 78 1 0 905 954
1991 631931.364 3441615.084 4 76 1 0 624 665
1992 644329.942 3464293.126 1 22 1 0 789 826
1993 646416.688 3462797.572 2 29 1 0 761 816
1994 638715.842 3452888.337 2 22 1 0 668 723
1995 636576.634 3451232.081 4 25 1 0 885 927
1996 642053.919 3459792.707 2 48 1 0 914 965
1997 646438.575 3460753.711 4 78 1 0 839 873
1998 637196.381 3457256.809 4 21 1 0 704 742
1999 635842.252 3462990.314 3 67 1 0 604 640
2000 631078.920 3449980.538 1 2 1 0 856 913
2001 638781.057 3453212.551 0 0 0 0 480 1000
