Name: sh1b
4 2 2000 2 750.000
480 2000
480 2000
1 633832.467 3457017.148 4 55 1 0 821 853
2 635076.148 3453145.141 2 31 1 0 897 928
3 640902.557 3454653.486 1 66 1 0 638 691
4 640239.667 3453751.552 4 24 1 0 551 609
5 642251.854 3449544.068 2 78 1 0 877 920
6 644600.756 3453491.016 2 33 1 0 615 658
7 643119.295 3460234.466 4 56 1 0 928 981
8 637216.072 3457268.614 1 50 1 0 781 829
9 645042.103 3466335.561 1 2 1 0 892 944
10 638987.956 3459339.812 3 45 1 0 592 628
11 633935.988 3456160.050 3 20 1 0 591 621
12 643421.333 3447762.179 1 94 1 0 743 793
13 636231.116 3459769.501 1 60 1 0 683 733
14 637096.562 3462371.456 2 48 1 0 916 946
15 639277.486 3452453.059 1 32 1 0 653 709
16 640918.460 3453217.833 3 45 1 0 521 554
17 639296.916 3455236.488 1 57 1 0 712 747
18 642903.217 3459346.122 3 54 1 0 812 857
19 642301.190 3453244.122 4 29 1 0 952 1005
20 639217.283 3454504.033 4 5 1 0 731 781
21 644839.464 3465693.718 1 47 1 0 670 709
22 642134.526 3452599.001 4 41 1 0 951 994
23 641045.233 3452645.953 4 10 1 0 548 603
24 636572.414 3460986.513 4 45 1 0 782 816
25 646265.183 3465128.356 3 88 1 0 731 773
26 644357.862 3462503.434 4 95 1 0 543 573
27 645285.397 3458782.091 2 54 1 0 705 747
28 648354.914 3451002.467 3 89 1 0 668 703
29 642677.499 3448664.430 3 77 1 0 754 802
30 638108.152 3446482.594 3 18 1 0 882 936
31 644662.855 3454269.483 1 59 1 0 602 650
32 644460.867 3463186.234 3 96 1 0 643 694
33 634541.482 3453557.882 3 85 1 0 892 951
34 644888.125 3456651.627 1 32 1 0 825 873
35 633273.260 3451809.542 2 2 1 0 789 831
36 639217.781 3456217.060 1 39 1 0 568 627
37 645238.189 3453815.453 1 15 1 0 875 921
38 636665.675 3460933.833 4 51 1 0 901 952
39 643714.078 3458571.863 4 21 1 0 609 639
40 630966.089 3449205.425 3 56 1 0 932 987
41 647596.480 3449621.359 3 26 1 0 719 749
42 628331.730 3447821.956 3 51 1 0 918 960
43 627956.056 3447136.077 1 15 1 0 671 702
44 639418.651 3460026.880 4 40 1 0 569 627
45 650014.645 3460869.614 1 2 1 0 919 960
46 638874.736 3455893.020 1 86 1 0 709 761
47 635441.801 3447860.773 4 18 1 0 671 726
48 640256.032 3455006.706 1 98 1 0 909 941
49 646650.345 3457661.551 3 23 1 0 940 998
50 642328.437 3449510.456 2 35 1 0 908 959
51 630530.387 3441874.847 3 38 1 0 862 915
52 639234.072 3452733.496 2 52 1 0 966 1012
53 644903.485 3456016.656 2 70 1 0 827 875
54 638979.663 3453707.902 3 16 1 0 574 608
55 640168.969 3453842.999 1 57 1 0 745 781
56 639824.031 3456148.109 1 99 1 0 849 889
57 634863.979 3461946.047 4 86 1 0 873 931
58 637772.490 3459481.638 1 5 1 0 866 897
59 652560.485 3460887.030 2 92 1 0 846 899
60 635332.018 3456405.029 2 72 1 0 621 675
61 637618.742 3466162.353 3 45 1 0 740 793
62 636766.338 3457516.820 2 67 1 0 589 631
63 635023.708 3452848.065 3 10 1 0 708 738
64 649731.106 3459187.096 3 1 1 0 760 794
65 633788.881 3447943.621 4 55 1 0 730 777
66 647320.689 3457266.707 2 93 1 0 843 887
67 635632.668 3454892.227 4 86 1 0 771 813
68 629244.831 3438113.760 4 10 1 0 797 833
69 641506.094 3466087.061 4 80 1 0 876 915
70 642638.016 3463045.816 1 51 1 0 816 874
71 636329.069 3453484.634 2 12 1 0 738 770
72 632940.873 3440619.209 1 61 1 0 619 649
73 633408.479 3453674.347 1 13 1 0 661 710
74 631455.907 3455308.861 4 39 1 0 657 716
75 645159.396 3455450.443 3 56 1 0 558 590
76 636205.566 3455869.681 4 57 1 0 788 828
77 639892.353 3453246.499 3 43 1 0 620 674
78 643123.158 3458979.556 2 62 1 0 726 768
79 641706.037 3466697.997 3 35 1 0 563 605
80 629849.744 3458938.090 4 15 1 0 819 857
81 638755.055 3454432.490 2 27 1 0 889 934
82 642049.685 3453737.316 2 41 1 0 562 610
83 630225.845 3450451.131 2 2 1 0 823 854
84 639713.118 3452789.881 2 85 1 0 799 858
85 631978.259 3465335.351 2 90 1 0 584 623
86 641346.232 3466423.669 3 92 1 0 647 690
87 629969.164 3454624.464 3 39 1 0 709 744
88 634736.509 3453571.923 3 36 1 0 796 829
89 633854.926 3446651.078 2 31 1 0 912 956
90 644067.429 3452810.034 1 48 1 0 811 857
91 641863.772 3459670.802 4 84 1 0 760 799
92 636517.797 3452963.557 2 53 1 0 813 855
93 646668.967 3460830.068 3 57 1 0 680 731
94 630941.589 3456765.201 1 51 1 0 862 906
95 640692.894 3456725.570 2 39 1 0 607 637
96 653643.277 3456483.267 2 38 1 0 705 760
97 637128.100 3451323.928 3 48 1 0 531 569
98 635694.733 3449557.752 1 51 1 0 737 790
99 640924.638 3452755.975 2 78 1 0 710 758
100 640933.127 3456817.325 2 41 1 0 513 571
101 649031.402 3449972.606 2 3 1 0 746 789
102 652300.277 3460132.551 1 1 1 0 747 798
103 642115.751 3457664.738 4 97 1 0 561 615
104 643373.288 3447399.671 4 27 1 0 948 1001
105 641653.584 3457354.389 2 74 1 0 964 1004
106 645146.853 3460192.987 1 14 1 0 593 629
107 643571.097 3459112.700 3 84 1 0 785 831
108 641978.959 3455792.012 1 20 1 0 537 575
109 636986.240 3457646.714 4 3 1 0 766 809
110 636011.372 3453746.136 3 10 1 0 605 636
111 642059.638 3453244.711 1 16 1 0 770 808
112 651839.391 3459760.155 1 59 1 0 708 761
113 642464.571 3448253.505 3 91 1 0 671 709
114 640954.244 3456228.631 3 23 1 0 959 1011
115 650982.167 3460040.384 3 86 1 0 569 621
116 637378.752 3457474.759 3 53 1 0 891 935
117 635037.987 3454572.780 3 10 1 0 716 759
118 645953.415 3456400.729 1 13 1 0 648 701
119 635459.622 3441563.451 1 5 1 0 762 818
120 641091.773 3460276.336 3 43 1 0 894 947
121 650715.112 3460906.589 3 44 1 0 832 891
122 643412.277 3447454.094 4 69 1 0 768 814
123 639843.874 3456148.373 2 23 1 0 950 992
124 643902.434 3464133.269 4 55 1 0 788 819
125 639122.626 3454156.329 2 56 1 0 823 861
126 642660.477 3460905.752 1 23 1 0 775 833
127 642968.834 3446462.605 4 70 1 0 771 812
128 644122.190 3464016.946 2 48 1 0 753 800
129 647235.017 3457715.916 4 60 1 0 541 587
130 633817.170 3451974.259 4 59 1 0 934 973
131 641293.239 3456109.993 3 68 1 0 766 815
132 638704.828 3451714.107 3 7 1 0 894 949
133 637269.734 3455436.973 2 7 1 0 729 770
134 638872.175 3457840.827 1 97 1 0 747 788
135 639829.906 3453214.874 4 76 1 0 669 706
136 635462.164 3453230.936 4 48 1 0 710 742
137 628952.900 3454138.502 2 65 1 0 927 965
138 637279.681 3454166.785 4 76 1 0 534 577
139 637539.902 3452734.338 4 92 1 0 940 999
140 634100.178 3445587.922 3 32 1 0 551 602
141 652482.089 3458541.388 3 14 1 0 656 705
142 630840.048 3453492.000 2 44 1 0 593 642
143 629658.069 3439812.472 2 27 1 0 753 786
144 646120.592 3461268.985 2 28 1 0 682 740
145 635872.588 3450653.270 4 2 1 0 880 923
146 648987.502 3448393.637 1 42 1 0 728 787
147 637386.024 3452101.023 2 2 1 0 545 592
148 637752.456 3465794.555 1 32 1 0 616 652
149 647092.165 3453737.246 1 23 1 0 541 589
150 644986.382 3456002.399 4 64 1 0 567 623
151 637820.639 3455301.742 3 76 1 0 730 780
152 638962.980 3457226.108 2 48 1 0 816 848
153 649339.270 3459997.658 4 19 1 0 873 912
154 635496.136 3456503.377 3 84 1 0 762 793
155 652882.143 3468083.124 2 7 1 0 603 649
156 642427.520 3460529.182 3 68 1 0 636 693
157 641921.716 3456357.122 3 61 1 0 868 921
158 646908.082 3449376.922 4 27 1 0 603 633
159 649763.932 3468700.249 3 36 1 0 604 656
160 626943.479 3446550.316 3 69 1 0 866 908
161 644916.559 3464897.906 3 39 1 0 599 632
162 645013.492 3455475.378 1 61 1 0 695 741
163 632779.145 3450317.456 4 19 1 0 587 642
164 639183.463 3460058.408 3 66 1 0 898 931
165 638416.601 3456017.866 3 34 1 0 666 710
166 652990.042 3463857.612 4 42 1 0 814 856
167 649533.639 3469093.484 4 97 1 0 719 764
168 636708.464 3455352.679 1 85 1 0 691 733
169 637801.007 3465117.678 3 92 1 0 687 745
170 643375.392 3458671.177 4 96 1 0 895 946
171 641820.099 3456779.201 1 16 1 0 523 555
172 629786.511 3454144.895 3 69 1 0 867 901
173 640260.913 3458609.915 3 79 1 0 959 1012
174 633372.967 3450729.133 2 33 1 0 758 792
175 647982.119 3450681.558 4 51 1 0 862 895
176 653618.582 3453414.651 2 73 1 0 903 959
177 634001.563 3446314.196 1 28 1 0 736 769
178 632171.556 3458378.073 1 41 1 0 553 590
179 637278.194 3455802.781 2 51 1 0 667 723
180 638417.158 3455975.529 1 57 1 0 665 718
181 641123.208 3453247.521 3 48 1 0 646 697
182 633458.602 3440017.538 4 80 1 0 882 933
183 639417.040 3460646.631 2 27 1 0 565 613
184 631016.992 3440560.567 1 93 1 0 832 884
185 633777.437 3461859.009 1 41 1 0 779 817
186 636949.628 3460456.347 1 55 1 0 641 680
187 637950.245 3459291.495 4 68 1 0 651 709
188 643470.324 3450488.310 1 64 1 0 863 915
189 632250.092 3442084.828 4 82 1 0 620 672
190 636020.033 3455636.316 1 84 1 0 917 967
191 644552.358 3458698.843 4 30 1 0 892 933
192 645815.573 3446274.412 1 96 1 0 703 744
193 641105.972 3456754.200 3 87 1 0 601 639
194 629894.082 3459631.520 4 81 1 0 720 752
195 638049.681 3453980.530 4 31 1 0 930 963
196 633128.607 3451734.576 4 68 1 0 853 894
197 643129.591 3453886.672 2 9 1 0 753 790
198 640927.689 3452775.263 1 49 1 0 911 942
199 638973.055 3458715.996 1 6 1 0 602 632
200 641381.331 3465781.261 1 82 1 0 859 916
201 644613.727 3464327.830 2 69 1 0 828 876
202 628278.242 3438860.300 1 41 1 0 889 934
203 638940.189 3457449.077 1 68 1 0 909 948
204 644346.281 3455881.961 2 6 1 0 917 960
205 640087.141 3459985.727 4 56 1 0 720 763
206 642475.588 3453315.771 2 17 1 0 549 599
207 644868.725 3465728.769 3 93 1 0 676 719
208 649574.104 3455808.682 4 91 1 0 850 900
209 636533.928 3455546.734 2 46 1 0 581 640
210 639694.062 3456469.741 1 45 1 0 591 640
211 645698.283 3457386.544 4 38 1 0 866 911
212 644241.406 3458463.596 4 73 1 0 733 787
213 638116.794 3460960.513 4 33 1 0 834 893
214 632276.859 3448936.932 2 33 1 0 782 815
215 635904.865 3463260.587 4 76 1 0 719 754
216 639073.684 3455606.936 3 50 1 0 702 755
217 631208.417 3441952.524 3 28 1 0 707 747
218 632230.597 3450514.577 1 25 1 0 795 850
219 640803.099 3464295.247 4 99 1 0 565 595
220 640939.537 3463242.298 1 27 1 0 857 894
221 640354.754 3452563.592 1 90 1 0 546 580
222 646207.869 3456180.984 3 55 1 0 869 907
223 637781.776 3451444.086 2 5 1 0 518 574
224 634327.798 3450075.315 2 38 1 0 878 926
225 640029.689 3455608.064 4 79 1 0 591 637
226 642205.769 3459078.742 4 40 1 0 930 981
227 637467.349 3453476.333 3 69 1 0 763 806
228 638823.761 3456246.500 3 3 1 0 898 943
229 628958.455 3461506.172 3 44 1 0 572 618
230 653412.258 3460526.006 2 61 1 0 577 625
231 631929.342 3442573.530 2 72 1 0 563 615
232 637004.986 3456207.262 1 66 1 0 817 872
233 635649.926 3458684.138 2 63 1 0 948 988
234 647380.801 3460528.208 1 94 1 0 723 758
235 636516.742 3455596.554 3 91 1 0 675 716
236 632247.873 3440937.713 2 99 1 0 846 885
237 640254.157 3453905.725 1 75 1 0 989 1038
238 647253.868 3461327.158 3 9 1 0 545 595
239 637572.650 3452253.586 1 21 1 0 948 988
240 652194.995 3461921.165 3 43 1 0 776 807
241 645429.992 3459565.563 1 51 1 0 786 818
242 634092.226 3454541.445 3 10 1 0 654 689
243 626361.518 3445107.579 2 89 1 0 604 660
244 634198.742 3450073.672 2 16 1 0 619 677
245 637061.809 3466043.422 2 76 1 0 900 933
246 638342.930 3456086.188 4 6 1 0 779 816
247 638608.666 3455750.931 1 76 1 0 508 538
248 639982.481 3456669.899 2 11 1 0 518 562
249 634900.941 3454682.656 3 78 1 0 549 597
250 634664.426 3460492.248 4 44 1 0 847 900
251 636269.390 3451447.520 4 85 1 0 760 802
252 638296.703 3447000.884 1 97 1 0 757 803
253 644613.727 3464327.830 3 23 1 0 551 582
254 643303.226 3458627.848 2 68 1 0 803 842
255 645605.171 3455510.495 4 89 1 0 630 672
256 638560.937 3443766.989 2 48 1 0 653 709
257 636217.529 3459542.207 2 40 1 0 791 826
258 635783.054 3453235.067 2 93 1 0 907 944
259 635755.858 3459955.823 2 36 1 0 911 948
260 648513.146 3453160.493 3 80 1 0 779 815
261 636430.059 3450795.199 1 86 1 0 559 599
262 639910.374 3462085.216 1 1 1 0 746 782
263 640605.657 3460774.109 2 89 1 0 782 827
264 642617.275 3458972.680 1 30 1 0 892 926
265 632975.339 3457056.320 1 49 1 0 694 733
266 647570.166 3449609.442 1 42 1 0 546 576
267 633684.566 3443892.798 2 6 1 0 844 896
268 626267.170 3444413.594 1 64 1 0 851 888
269 643599.221 3463343.793 4 27 1 0 660 698
270 631732.638 3448252.642 4 88 1 0 669 714
271 633549.597 3455851.037 3 19 1 0 775 827
272 641628.936 3454024.212 4 44 1 0 856 902
273 639111.773 3460977.492 1 50 1 0 765 798
274 640975.456 3464505.438 1 54 1 0 695 737
275 651680.370 3467784.623 4 92 1 0 666 698
276 645004.061 3461434.443 3 5 1 0 731 774
277 630808.625 3443479.580 4 25 1 0 578 610
278 638123.669 3458928.071 1 61 1 0 761 793
279 642323.711 3449860.698 1 5 1 0 937 985
280 630664.370 3442557.821 3 50 1 0 765 809
281 652403.045 3453493.236 4 34 1 0 857 892
282 640180.587 3452472.735 3 47 1 0 966 1015
283 638814.360 3454952.951 1 44 1 0 808 857
284 645660.465 3454383.326 4 7 1 0 653 711
285 631541.730 3448696.780 3 16 1 0 708 764
286 638159.619 3465241.731 2 68 1 0 671 706
287 634202.821 3452352.553 3 69 1 0 759 800
288 646029.232 3448540.909 4 20 1 0 794 826
289 645348.384 3461400.707 1 66 1 0 903 962
290 645669.107 3457343.794 2 81 1 0 586 624
291 631985.869 3447855.477 2 55 1 0 888 927
292 636190.953 3452651.373 1 44 1 0 962 1016
293 636173.380 3449144.337 2 79 1 0 898 956
294 631795.607 3452218.234 1 49 1 0 795 830
295 632889.903 3451770.057 2 36 1 0 811 841
296 632904.044 3442758.956 1 49 1 0 793 848
297 632993.154 3459308.439 3 38 1 0 807 866
298 634374.425 3457312.763 1 29 1 0 697 733
299 637434.866 3455204.311 4 54 1 0 686 717
300 630421.121 3450984.749 1 66 1 0 570 613
301 635641.089 3453468.052 1 54 1 0 519 552
302 642971.662 3459662.719 2 78 1 0 744 777
303 636052.413 3445431.970 2 76 1 0 688 734
304 636301.338 3462257.166 3 22 1 0 577 624
305 641393.192 3454086.486 1 23 1 0 835 881
306 641640.869 3456087.720 1 30 1 0 693 730
307 631938.220 3465365.642 3 29 1 0 783 819
308 632338.092 3456443.931 1 35 1 0 857 887
309 637634.029 3468018.024 2 74 1 0 596 627
310 653662.805 3465095.531 4 51 1 0 794 839
311 644853.960 3458891.625 4 64 1 0 698 728
312 647568.767 3453255.010 1 88 1 0 751 791
313 650418.616 3458288.380 1 29 1 0 730 765
314 635159.335 3454655.175 1 29 1 0 873 908
315 640362.406 3455712.584 3 12 1 0 533 583
316 633677.882 3442064.288 4 82 1 0 615 674
317 637854.602 3455486.961 2 29 1 0 638 686
318 641156.914 3455915.687 3 86 1 0 807 840
319 645658.731 3449001.585 1 93 1 0 822 875
320 631108.812 3453429.904 2 88 1 0 641 698
321 640361.238 3456544.063 2 30 1 0 968 1027
322 646046.599 3458503.916 2 34 1 0 899 930
323 636765.422 3450965.069 1 19 1 0 692 743
324 634253.022 3456718.404 4 21 1 0 777 829
325 636780.622 3455145.746 2 9 1 0 624 678
326 639203.847 3455019.686 3 93 1 0 816 864
327 649392.569 3445970.249 2 58 1 0 604 659
328 640740.861 3459813.535 2 44 1 0 804 847
329 645264.958 3455232.472 2 26 1 0 577 618
330 631239.678 3457527.238 3 51 1 0 652 709
331 636975.140 3453161.965 3 6 1 0 522 572
332 639218.707 3454646.483 3 11 1 0 619 664
333 631953.966 3446700.284 4 14 1 0 770 810
334 627302.319 3447266.745 1 10 1 0 692 738
335 637097.814 3464300.068 2 20 1 0 755 810
336 645251.310 3460051.994 1 16 1 0 806 839
337 635506.705 3453112.177 4 68 1 0 532 587
338 643048.099 3458662.869 4 40 1 0 920 977
339 643949.539 3446414.337 1 44 1 0 756 806
340 639282.777 3454554.942 2 38 1 0 689 736
341 643362.266 3459875.917 3 74 1 0 908 947
342 637473.865 3453484.117 2 68 1 0 726 764
343 630417.574 3451003.952 3 54 1 0 860 894
344 631055.699 3451315.963 2 33 1 0 543 602
345 637053.041 3456327.221 4 90 1 0 897 938
346 630546.430 3453157.315 2 20 1 0 745 781
347 638528.948 3456027.043 2 29 1 0 801 851
348 645995.464 3455277.226 2 82 1 0 691 742
349 644636.118 3460782.634 3 28 1 0 804 859
350 641050.617 3454220.474 1 12 1 0 609 657
351 646235.990 3457251.570 2 14 1 0 902 955
352 635316.710 3456566.508 4 6 1 0 846 903
353 652643.021 3460895.929 2 38 1 0 903 936
354 647735.839 3458323.486 2 27 1 0 893 946
355 636989.408 3452319.126 1 83 1 0 971 1017
356 636911.766 3440692.946 4 87 1 0 699 748
357 638204.598 3453016.348 2 93 1 0 710 751
358 641876.326 3465102.719 2 13 1 0 672 729
359 641414.644 3464045.550 2 12 1 0 901 949
360 633695.761 3459444.384 4 38 1 0 666 719
361 628552.637 3451966.459 2 24 1 0 754 802
362 637089.717 3447146.816 2 62 1 0 607 661
363 641615.756 3459671.306 4 2 1 0 779 826
364 646739.832 3450525.609 2 56 1 0 709 750
365 637216.650 3467847.020 1 41 1 0 871 902
366 644193.531 3460988.278 1 84 1 0 620 659
367 629502.959 3447601.458 4 55 1 0 710 747
368 638278.901 3461455.382 4 15 1 0 822 863
369 626563.760 3444532.619 2 89 1 0 693 740
370 634991.774 3449398.605 1 81 1 0 895 951
371 640438.928 3454936.004 2 81 1 0 950 991
372 645752.691 3446512.216 3 87 1 0 651 693
373 634812.062 3456971.916 2 22 1 0 882 941
374 641769.788 3458302.943 3 82 1 0 879 923
375 641074.350 3456892.359 2 22 1 0 829 869
376 628093.980 3448046.173 4 37 1 0 603 640
377 629571.796 3451428.492 1 84 1 0 732 785
378 643938.826 3460996.334 3 63 1 0 716 753
379 638888.324 3454110.891 1 10 1 0 955 997
380 646155.523 3465407.854 2 71 1 0 854 898
381 638006.746 3463295.714 2 96 1 0 586 641
382 641859.489 3465614.487 2 81 1 0 778 812
383 640821.222 3456034.374 3 98 1 0 755 790
384 636463.474 3455622.809 2 31 1 0 528 568
385 652460.498 3469127.978 4 44 1 0 826 876
386 633680.006 3453135.028 2 32 1 0 951 995
387 639349.736 3460984.496 4 17 1 0 939 983
388 636796.096 3454718.660 2 57 1 0 673 727
389 646726.639 3466636.178 2 96 1 0 763 799
390 639659.573 3456326.852 3 75 1 0 532 566
391 632722.642 3451125.107 1 31 1 0 925 971
392 635483.994 3451275.720 4 25 1 0 735 770
393 644423.354 3460144.521 4 74 1 0 693 750
394 635796.831 3452423.019 1 82 1 0 783 840
395 654182.181 3452437.349 2 63 1 0 653 685
396 642252.325 3463209.964 3 94 1 0 710 766
397 655649.820 3450087.466 1 82 1 0 614 658
398 631576.774 3457546.848 4 24 1 0 822 880
399 637311.282 3451996.114 4 80 1 0 895 925
400 640121.151 3454204.215 2 76 1 0 793 848
401 643922.344 3456161.023 4 39 1 0 538 591
402 651795.967 3459332.206 2 65 1 0 895 950
403 644083.483 3463947.122 3 26 1 0 849 903
404 641608.754 3459209.266 4 55 1 0 827 869
405 628907.457 3446758.878 3 33 1 0 685 728
406 645044.698 3454170.798 4 61 1 0 877 925
407 636049.771 3462026.785 2 50 1 0 723 782
408 636233.008 3456305.023 1 13 1 0 558 599
409 635731.481 3450816.977 2 37 1 0 890 933
410 638186.265 3465476.903 3 40 1 0 898 944
411 639605.291 3456179.850 4 93 1 0 697 752
412 636816.099 3454961.434 2 96 1 0 791 836
413 639516.398 3452902.759 3 59 1 0 891 950
414 630581.933 3450024.413 4 42 1 0 669 728
415 641033.499 3458458.570 3 74 1 0 739 791
416 644090.182 3452356.097 1 2 1 0 729 785
417 642387.270 3458130.357 2 88 1 0 691 736
418 634174.441 3443129.141 4 74 1 0 722 768
419 641414.644 3464045.550 1 85 1 0 665 706
420 640941.442 3456690.402 1 76 1 0 783 826
421 639321.203 3458647.463 1 64 1 0 895 927
422 630079.313 3458290.389 3 73 1 0 595 654
423 638085.967 3453988.704 3 18 1 0 630 671
424 635819.815 3449097.435 1 6 1 0 899 938
425 644857.375 3456963.021 2 43 1 0 854 910
426 641970.602 3449782.797 1 64 1 0 678 725
427 651903.402 3462879.384 1 25 1 0 663 715
428 635914.926 3451989.559 4 25 1 0 753 812
429 630825.165 3456286.433 2 50 1 0 655 699
430 644700.335 3459721.025 2 77 1 0 926 956
431 642096.126 3458137.968 1 99 1 0 823 853
432 652079.386 3458943.628 2 18 1 0 887 920
433 637456.841 3464647.372 2 92 1 0 843 878
434 636901.342 3454766.221 3 40 1 0 509 539
435 653397.339 3462000.256 1 30 1 0 732 777
436 639477.833 3454565.224 2 1 1 0 844 880
437 640063.282 3456066.602 3 20 1 0 798 845
438 648647.141 3453982.359 2 2 1 0 678 730
439 637556.289 3455279.037 2 6 1 0 550 583
440 637287.520 3450517.624 4 19 1 0 625 663
441 636618.483 3451833.132 3 94 1 0 746 790
442 631064.249 3450095.835 4 14 1 0 673 718
443 639472.907 3455935.577 3 72 1 0 695 752
444 640687.293 3459862.861 3 51 1 0 827 879
445 637436.222 3455100.394 1 79 1 0 831 863
446 643160.664 3445256.460 2 67 1 0 803 848
447 643580.288 3449704.502 1 82 1 0 599 647
448 636799.182 3468188.018 3 54 1 0 645 699
449 638753.164 3466342.835 1 14 1 0 615 646
450 644791.720 3458848.422 2 93 1 0 920 950
451 641252.329 3459893.539 3 49 1 0 524 555
452 628855.040 3461851.343 4 18 1 0 876 916
453 631282.176 3442680.952 4 55 1 0 725 778
454 638158.160 3445443.907 2 4 1 0 778 829
455 649803.444 3446183.949 2 82 1 0 766 818
456 641267.399 3455570.712 4 28 1 0 971 1008
457 641188.234 3456293.361 1 95 1 0 830 863
458 626941.399 3447824.386 1 99 1 0 569 626
459 636793.740 3457189.973 4 83 1 0 890 921
460 651192.696 3461725.748 2 46 1 0 607 648
461 650608.785 3460250.610 4 12 1 0 739 790
462 631851.498 3442972.884 2 33 1 0 725 783
463 638473.811 3452673.433 2 10 1 0 884 925
464 641654.950 3457989.582 1 41 1 0 756 815
465 639309.450 3452287.954 3 5 1 0 572 602
466 645250.997 3446397.515 3 65 1 0 834 866
467 637423.167 3456986.457 2 2 1 0 572 608
468 645793.577 3461722.548 2 66 1 0 873 905
469 643276.874 3449623.385 1 96 1 0 663 722
470 640564.614 3454194.727 2 49 1 0 594 628
471 639371.354 3455610.874 4 27 1 0 670 720
472 636751.120 3466047.064 1 25 1 0 860 890
473 629251.898 3443229.474 2 77 1 0 771 818
474 640789.602 3458890.299 3 67 1 0 747 784
475 642619.949 3456824.661 3 37 1 0 770 804
476 631702.208 3457302.059 3 6 1 0 786 835
477 637597.886 3451587.963 1 9 1 0 868 912
478 645798.146 3466627.074 1 82 1 0 785 823
479 650366.142 3468870.566 3 14 1 0 595 634
480 635148.299 3449323.622 2 58 1 0 807 840
481 632008.455 3440214.908 3 32 1 0 831 879
482 644786.482 3452496.528 3 33 1 0 717 775
483 637645.647 3454263.949 2 44 1 0 765 823
484 641733.910 3454091.067 2 21 1 0 722 758
485 626244.040 3444409.469 2 68 1 0 863 910
486 637730.946 3456593.988 1 44 1 0 919 976
487 640266.668 3453463.199 2 9 1 0 932 972
488 636943.167 3451548.640 2 20 1 0 546 590
489 647137.236 3452879.410 1 50 1 0 739 787
490 646470.206 3467013.711 1 24 1 0 891 923
491 633009.048 3444415.480 1 3 1 0 596 647
492 648159.296 3450791.836 1 50 1 0 678 735
493 633636.883 3447398.937 1 35 1 0 721 762
494 646588.914 3459931.982 3 77 1 0 751 806
495 643605.844 3460683.808 4 91 1 0 617 661
496 637216.072 3457268.614 3 38 1 0 764 816
497 645078.083 3454629.358 4 5 1 0 776 810
498 644379.646 3462842.500 2 19 1 0 753 788
499 641123.078 3456958.455 3 75 1 0 575 632
500 641345.279 3455929.764 2 51 1 0 817 856
501 631026.128 3457678.550 2 33 1 0 540 599
502 628825.858 3461265.885 4 4 1 0 853 904
503 642202.546 3463956.109 1 85 1 0 703 750
504 634939.563 3449340.196 2 91 1 0 583 625
505 636148.965 3453339.876 3 43 1 0 683 738
506 642241.536 3450063.613 4 86 1 0 737 780
507 637810.062 3453076.620 2 62 1 0 698 729
508 636664.035 3447295.272 3 80 1 0 851 885
509 653582.465 3464035.657 1 60 1 0 615 662
510 630859.255 3450612.947 1 98 1 0 634 682
511 638635.600 3461483.181 2 33 1 0 669 708
512 641530.976 3457125.615 1 94 1 0 627 680
513 647982.120 3465487.364 3 81 1 0 582 616
514 632750.333 3457850.300 2 20 1 0 911 949
515 642023.387 3457401.721 1 29 1 0 904 958
516 644913.546 3459127.273 2 4 1 0 593 652
517 638409.872 3453761.989 3 78 1 0 551 593
518 644190.965 3452245.839 1 6 1 0 660 695
519 629534.568 3453379.630 2 14 1 0 871 910
520 638232.562 3464973.225 3 22 1 0 921 968
521 634783.885 3459943.311 2 56 1 0 698 753
522 629971.788 3461368.539 4 12 1 0 584 623
523 635805.004 3459479.126 4 17 1 0 583 623
524 638765.973 3455110.141 3 40 1 0 639 685
525 635202.991 3440909.629 1 43 1 0 730 789
526 633150.019 3445841.504 1 9 1 0 657 687
527 644180.694 3452996.363 1 50 1 0 798 839
528 645814.105 3464290.549 3 68 1 0 862 909
529 637104.431 3457713.695 4 65 1 0 926 972
530 644448.271 3456645.579 4 1 1 0 783 820
531 640316.932 3456889.928 1 42 1 0 944 992
532 628937.239 3457306.292 3 49 1 0 930 984
533 650693.233 3458742.729 3 5 1 0 911 950
534 639179.876 3456081.827 4 87 1 0 901 951
535 636391.262 3454813.492 1 14 1 0 968 1012
536 638334.309 3456490.269 2 76 1 0 519 569
537 639294.700 3458650.962 3 94 1 0 709 747
538 656280.521 3457103.433 3 64 1 0 655 685
539 642294.234 3468646.169 3 73 1 0 761 798
540 636172.991 3457874.818 3 9 1 0 617 657
541 644025.742 3452470.703 3 93 1 0 952 983
542 630261.951 3439465.758 2 94 1 0 846 885
543 635011.543 3442931.935 2 45 1 0 811 867
544 635991.820 3461140.658 2 17 1 0 911 951
545 652714.755 3456412.002 2 60 1 0 579 613
546 644306.988 3451989.507 2 59 1 0 516 571
547 640443.356 3457330.460 2 94 1 0 810 868
548 646469.859 3462066.879 4 79 1 0 766 821
549 641290.239 3454855.008 2 63 1 0 574 632
550 647940.399 3451531.739 2 10 1 0 702 745
551 641403.420 3458494.336 2 54 1 0 744 795
552 635861.782 3450464.510 2 14 1 0 770 823
553 643713.711 3456662.466 3 70 1 0 952 1011
554 637940.761 3454718.198 2 3 1 0 693 730
555 641246.089 3453953.628 2 28 1 0 673 707
556 644288.822 3451866.072 2 42 1 0 548 591
557 636000.309 3454346.503 3 14 1 0 509 559
558 640749.861 3465060.596 3 61 1 0 847 896
559 641879.217 3455829.162 4 45 1 0 664 703
560 632335.368 3451659.146 4 3 1 0 679 726
561 638453.506 3454721.080 1 33 1 0 498 540
562 627030.697 3444803.819 3 36 1 0 613 655
563 632639.613 3456139.778 1 86 1 0 777 834
564 642249.665 3458278.628 3 95 1 0 604 653
565 632086.744 3440577.717 2 63 1 0 796 842
566 641537.124 3460844.361 4 92 1 0 633 669
567 631908.211 3454059.630 2 84 1 0 924 956
568 650934.616 3454134.238 4 64 1 0 687 724
569 646553.949 3462437.619 3 29 1 0 829 880
570 629125.475 3454363.877 3 61 1 0 606 650
571 638866.480 3466020.974 4 29 1 0 578 618
572 635939.994 3443875.378 4 63 1 0 779 820
573 629884.098 3454815.880 4 25 1 0 810 868
574 637719.883 3452128.477 1 43 1 0 713 750
575 644256.525 3464103.484 1 2 1 0 703 740
576 634522.915 3451124.833 3 65 1 0 941 989
577 635429.709 3461144.943 3 84 1 0 710 748
578 643696.512 3459614.861 4 52 1 0 725 759
579 643968.436 3456177.052 2 82 1 0 899 949
580 639846.001 3456983.744 4 58 1 0 905 946
581 634744.947 3453429.603 3 45 1 0 922 980
582 642444.680 3455355.608 2 92 1 0 738 781
583 642275.129 3458352.114 3 44 1 0 755 797
584 636960.304 3460144.679 1 70 1 0 856 889
585 633667.939 3447299.247 4 52 1 0 741 797
586 635843.206 3449594.308 3 75 1 0 928 958
587 632861.672 3448232.154 2 79 1 0 669 723
588 643540.433 3451902.046 2 21 1 0 607 661
589 648259.368 3458958.352 2 64 1 0 736 767
590 637207.425 3456410.072 2 87 1 0 923 982
591 643687.468 3458583.048 3 84 1 0 707 758
592 651400.375 3470009.603 1 42 1 0 696 744
593 641621.673 3456776.528 2 82 1 0 772 813
594 650912.979 3459562.023 4 60 1 0 778 830
595 635216.508 3456642.208 4 64 1 0 874 918
596 639638.277 3460668.817 1 90 1 0 678 722
597 644026.749 3464227.365 4 37 1 0 821 865
598 641660.934 3457054.224 1 6 1 0 919 953
599 640596.593 3458980.104 4 64 1 0 911 967
600 639219.923 3465286.548 1 71 1 0 858 906
601 658736.280 3458553.109 1 17 1 0 602 656
602 637644.334 3455376.425 1 96 1 0 779 809
603 638794.446 3455961.251 4 21 1 0 741 782
604 646733.714 3460218.877 2 73 1 0 868 917
605 635679.944 3450192.711 2 28 1 0 963 994
606 637355.122 3457004.816 3 81 1 0 672 715
607 632286.976 3445488.069 1 73 1 0 929 963
608 653317.453 3458183.959 1 13 1 0 837 883
609 642842.980 3455014.547 2 13 1 0 617 670
610 646880.444 3466272.611 2 72 1 0 762 792
611 646653.413 3455305.620 1 65 1 0 606 654
612 637577.602 3450860.155 3 65 1 0 744 801
613 636816.191 3450623.130 2 23 1 0 923 971
614 643893.100 3464090.795 2 26 1 0 737 774
615 641631.922 3454540.089 1 1 1 0 913 963
616 648021.186 3457788.546 1 64 1 0 913 961
617 634403.449 3456335.384 3 83 1 0 523 570
618 641723.195 3452674.299 4 60 1 0 876 929
619 638800.284 3455518.638 1 14 1 0 700 749
620 650111.671 3460790.156 4 10 1 0 835 886
621 644343.429 3460666.970 2 69 1 0 661 702
622 641818.657 3453202.968 2 6 1 0 964 995
623 635024.063 3460808.669 1 95 1 0 875 931
624 643655.042 3454417.367 1 19 1 0 932 987
625 641279.180 3457156.876 1 71 1 0 612 650
626 644238.426 3460126.583 4 8 1 0 886 922
627 652368.881 3458593.643 3 46 1 0 767 802
628 640482.265 3458131.680 1 73 1 0 640 697
629 643720.760 3455904.196 4 46 1 0 898 932
630 637762.637 3456952.403 2 18 1 0 967 1003
631 646513.618 3463195.440 1 4 1 0 660 690
632 635532.782 3456996.575 3 18 1 0 881 927
633 635290.685 3453186.388 4 58 1 0 638 673
634 634545.309 3459982.597 2 87 1 0 787 839
635 631321.524 3456269.521 3 57 1 0 564 610
636 651797.906 3460113.732 3 60 1 0 618 656
637 649558.648 3460150.916 2 20 1 0 927 980
638 645362.471 3453201.234 4 47 1 0 860 895
639 637989.954 3452478.461 2 51 1 0 959 995
640 645054.334 3455872.449 3 56 1 0 898 937
641 640603.911 3456701.284 2 94 1 0 645 700
642 634638.924 3446961.297 4 62 1 0 814 855
643 641087.468 3456407.495 4 9 1 0 640 684
644 635001.652 3454568.465 1 24 1 0 756 791
645 632459.994 3442514.727 1 21 1 0 788 846
646 640979.801 3464182.132 4 27 1 0 881 935
647 642031.935 3458972.454 3 31 1 0 826 864
648 640757.593 3458069.920 3 92 1 0 663 716
649 638917.312 3464678.159 1 62 1 0 813 848
650 641864.275 3454974.364 3 57 1 0 719 772
651 637512.290 3450031.676 3 40 1 0 926 970
652 638870.050 3460254.435 2 34 1 0 838 870
653 636220.927 3458514.447 4 67 1 0 730 760
654 637016.571 3452011.525 3 86 1 0 840 873
655 647809.242 3458513.151 4 73 1 0 751 808
656 638743.845 3456788.223 1 48 1 0 846 884
657 640577.669 3458664.190 4 23 1 0 704 754
658 633993.079 3445417.192 4 37 1 0 936 989
659 641830.881 3457941.909 2 66 1 0 833 877
660 640874.518 3456500.879 4 86 1 0 749 803
661 632412.188 3442629.607 1 29 1 0 724 756
662 643203.045 3455054.085 2 40 1 0 848 888
663 627188.592 3444890.401 4 30 1 0 815 864
664 645011.151 3453723.784 3 20 1 0 655 712
665 637856.192 3450055.413 4 58 1 0 583 617
666 632231.574 3457812.969 2 66 1 0 537 580
667 632164.894 3458381.838 4 95 1 0 656 703
668 640924.716 3460158.608 4 38 1 0 645 703
669 643025.866 3446163.116 3 80 1 0 630 669
670 640099.808 3453818.981 2 54 1 0 689 726
671 634655.328 3448270.289 3 53 1 0 656 689
672 638118.364 3453788.958 2 49 1 0 958 1016
673 633386.206 3447849.988 2 38 1 0 806 842
674 635697.641 3459854.985 2 52 1 0 557 587
675 635150.864 3449123.487 3 27 1 0 806 839
676 637122.880 3450962.014 4 95 1 0 609 648
677 635428.991 3454523.911 3 58 1 0 519 560
678 639050.329 3452615.585 4 98 1 0 976 1019
679 632919.948 3456466.664 2 34 1 0 594 645
680 643198.262 3463172.782 4 78 1 0 543 587
681 641672.161 3462108.839 4 4 1 0 806 849
682 631846.745 3453419.869 3 16 1 0 743 778
683 642635.600 3462980.341 1 85 1 0 608 655
684 649182.931 3464018.383 3 97 1 0 879 938
685 637375.761 3450095.337 3 48 1 0 648 687
686 643238.246 3462665.180 1 12 1 0 557 589
687 633616.321 3453199.660 2 39 1 0 706 758
688 642593.294 3458302.530 4 81 1 0 845 887
689 643896.530 3467212.891 1 7 1 0 694 727
690 654815.970 3465570.619 1 10 1 0 590 640
691 633503.024 3453001.905 1 37 1 0 808 861
692 636279.747 3459589.207 2 87 1 0 537 568
693 634714.271 3441569.328 1 2 1 0 766 796
694 643547.322 3459158.571 1 28 1 0 691 721
695 635897.601 3450253.255 3 38 1 0 684 741
696 652924.772 3466293.584 3 85 1 0 868 927
697 653369.165 3458946.968 1 11 1 0 810 849
698 643050.298 3458501.217 4 98 1 0 666 721
699 635979.734 3459519.880 1 35 1 0 761 813
700 644621.280 3454164.974 3 2 1 0 667 703
701 641882.008 3461503.440 1 65 1 0 706 740
702 632344.219 3440650.222 2 24 1 0 677 708
703 633970.870 3464575.328 2 89 1 0 748 803
704 637935.539 3451326.765 4 32 1 0 611 660
705 635532.947 3458266.890 4 81 1 0 844 896
706 633629.991 3461495.286 2 38 1 0 599 632
707 645585.152 3455044.416 1 96 1 0 828 874
708 634211.481 3463335.033 4 35 1 0 825 859
709 644434.024 3463455.339 4 10 1 0 602 659
710 640752.038 3456260.570 4 16 1 0 872 925
711 633407.332 3448273.683 1 25 1 0 594 640
712 645186.739 3466152.780 3 24 1 0 659 701
713 632850.363 3441495.711 2 55 1 0 612 669
714 642002.510 3456007.904 1 33 1 0 524 557
715 638182.174 3449678.586 2 78 1 0 926 977
716 634000.763 3452369.228 1 23 1 0 813 846
717 649442.296 3455772.162 1 17 1 0 816 875
718 640401.706 3454254.146 4 14 1 0 732 778
719 635427.652 3455913.533 1 87 1 0 624 656
720 641596.818 3458131.232 4 3 1 0 721 764
721 655392.201 3450722.728 3 41 1 0 785 834
722 641380.617 3456746.339 2 67 1 0 591 623
723 629999.317 3450571.513 1 56 1 0 889 939
724 631248.599 3442984.628 1 77 1 0 791 837
725 628795.476 3446711.320 1 87 1 0 911 941
726 643129.591 3453886.672 4 26 1 0 636 682
727 643174.231 3463480.423 3 66 1 0 898 937
728 647496.408 3450859.533 3 93 1 0 696 755
729 637883.023 3451799.559 2 72 1 0 845 893
730 636871.179 3445361.711 4 9 1 0 801 837
731 637227.214 3462492.497 2 81 1 0 702 757
732 632554.444 3452920.637 3 50 1 0 811 866
733 639271.326 3454670.275 3 38 1 0 520 568
734 636272.599 3451455.261 1 63 1 0 875 908
735 641668.735 3458193.793 2 44 1 0 613 649
736 634185.335 3460724.782 4 34 1 0 739 798
737 629482.202 3440918.898 1 94 1 0 894 935
738 641170.613 3456373.964 3 49 1 0 856 913
739 650183.695 3451802.146 2 16 1 0 561 593
740 641008.095 3456406.431 4 90 1 0 530 564
741 631171.876 3441694.170 2 59 1 0 753 799
742 637119.739 3456031.682 2 96 1 0 708 740
743 640486.694 3455075.224 4 96 1 0 551 585
744 641752.062 3456427.976 4 83 1 0 837 875
745 644428.808 3455894.642 1 8 1 0 886 945
746 635545.136 3459629.749 1 89 1 0 752 796
747 644972.397 3466357.695 2 32 1 0 627 672
748 639760.820 3457171.237 4 42 1 0 778 825
749 635659.030 3453102.589 2 25 1 0 954 985
750 636956.989 3449720.345 3 12 1 0 812 849
751 634318.663 3442465.039 2 24 1 0 677 708
752 638322.325 3453626.108 1 7 1 0 884 926
753 641810.152 3456290.176 2 51 1 0 902 954
754 633647.464 3445254.991 1 59 1 0 918 949
755 644001.443 3460770.065 2 29 1 0 541 575
756 637603.427 3458755.721 3 82 1 0 800 850
757 633650.846 3467123.429 3 14 1 0 897 942
758 638991.530 3454062.210 4 97 1 0 599 652
759 635654.754 3457540.918 4 74 1 0 821 857
760 632554.305 3450037.475 3 85 1 0 866 918
761 635277.474 3459872.665 2 12 1 0 652 692
762 638949.146 3459273.857 1 14 1 0 646 694
763 634820.169 3462010.925 1 7 1 0 559 609
764 640034.946 3463403.419 3 65 1 0 674 711
765 641250.452 3456586.760 3 16 1 0 880 910
766 641283.728 3460263.517 1 7 1 0 745 788
767 641368.689 3455910.831 1 51 1 0 594 644
768 634839.973 3454793.507 2 63 1 0 680 710
769 650494.060 3460641.638 1 32 1 0 898 929
770 642991.170 3456525.585 3 12 1 0 780 822
771 644041.410 3457128.897 3 7 1 0 777 807
772 640603.891 3458187.199 1 6 1 0 897 931
773 642150.516 3455336.233 2 20 1 0 912 963
774 629303.500 3450639.942 2 33 1 0 682 716
775 642085.797 3458657.518 1 64 1 0 762 804
776 651951.263 3468700.950 1 45 1 0 674 704
777 648432.210 3450684.036 1 21 1 0 747 786
778 645879.250 3452919.658 4 66 1 0 557 608
779 642237.337 3466508.863 2 14 1 0 907 950
780 650577.377 3469116.136 2 39 1 0 695 747
781 638130.908 3459132.189 1 79 1 0 666 707
782 654435.679 3466481.273 3 49 1 0 710 747
783 636948.787 3446271.173 1 29 1 0 619 678
784 641187.922 3459026.526 4 76 1 0 593 649
785 645647.075 3457023.971 2 82 1 0 606 654
786 643304.225 3459524.814 1 74 1 0 923 958
787 653178.013 3465473.421 3 58 1 0 633 692
788 635661.337 3441073.320 2 95 1 0 556 599
789 643573.457 3451421.303 3 55 1 0 599 633
790 644528.800 3456080.795 4 88 1 0 607 649
791 643539.057 3454431.183 2 76 1 0 811 843
792 638745.372 3452153.479 3 86 1 0 678 716
793 646416.949 3465858.063 3 45 1 0 730 779
794 651175.317 3459026.831 2 98 1 0 695 749
795 633244.415 3465043.406 4 83 1 0 653 691
796 642284.948 3449544.515 2 68 1 0 642 692
797 633634.863 3453042.070 1 68 1 0 639 686
798 633141.360 3453343.770 4 8 1 0 900 932
799 651213.869 3462780.884 1 79 1 0 815 847
800 629961.230 3457676.884 3 44 1 0 739 775
801 646016.955 3455874.214 2 67 1 0 780 811
802 638702.485 3454404.851 2 77 1 0 725 755
803 640157.545 3458177.390 3 93 1 0 603 659
804 638089.911 3451163.260 4 52 1 0 628 672
805 635583.595 3451507.965 2 4 1 0 662 700
806 644389.892 3456078.888 3 15 1 0 919 961
807 634015.354 3453043.055 2 1 1 0 870 902
808 635192.264 3454667.146 1 63 1 0 940 972
809 646620.292 3460763.945 1 13 1 0 698 745
810 637528.877 3450536.167 1 37 1 0 543 576
811 638742.323 3451379.698 4 10 1 0 897 939
812 637572.650 3452253.586 2 44 1 0 880 935
813 636621.526 3451598.357 3 61 1 0 846 903
814 647325.191 3461428.250 1 7 1 0 681 734
815 629461.936 3441492.186 4 99 1 0 684 724
816 648653.466 3459387.383 1 71 1 0 855 893
817 651653.306 3468284.704 4 62 1 0 716 756
818 643073.287 3458513.078 1 11 1 0 934 965
819 636591.284 3460043.639 1 31 1 0 674 706
820 639345.495 3456064.771 4 9 1 0 766 820
821 635968.589 3446027.543 4 68 1 0 838 875
822 632664.849 3439383.974 2 71 1 0 799 856
823 629965.706 3450613.441 1 35 1 0 937 996
824 640405.534 3452229.363 4 91 1 0 881 927
825 635553.720 3449455.854 4 73 1 0 938 989
826 634428.379 3443994.618 3 38 1 0 688 730
827 643589.002 3458770.332 2 73 1 0 761 816
828 644900.834 3458849.926 3 94 1 0 812 855
829 639816.130 3457737.850 2 76 1 0 906 938
830 638357.105 3460035.946 4 71 1 0 915 967
831 628487.287 3451084.177 2 59 1 0 811 841
832 646058.585 3454542.826 4 92 1 0 527 567
833 637078.307 3450826.705 4 99 1 0 953 997
834 635502.821 3457011.587 4 87 1 0 742 788
835 644788.500 3457400.927 1 15 1 0 799 845
836 633942.578 3455902.224 4 27 1 0 701 736
837 626408.517 3444777.110 4 51 1 0 726 760
838 633736.007 3457320.024 3 68 1 0 950 983
839 640333.774 3455130.927 1 57 1 0 897 948
840 640227.819 3453647.458 4 51 1 0 643 689
841 652475.427 3464466.088 1 95 1 0 723 774
842 640888.897 3456909.121 2 43 1 0 522 557
843 650317.890 3449120.843 1 49 1 0 607 639
844 640001.158 3463210.491 1 14 1 0 625 659
845 648539.574 3457149.111 3 32 1 0 656 689
846 640227.794 3459852.870 3 30 1 0 777 816
847 633597.854 3439745.995 2 58 1 0 635 690
848 638184.527 3456561.441 1 94 1 0 545 598
849 630550.171 3450451.293 2 78 1 0 793 847
850 632861.672 3448232.154 2 86 1 0 914 973
851 638994.063 3456876.215 2 8 1 0 958 1003
852 630455.747 3453533.425 2 35 1 0 731 774
853 641872.676 3462438.760 1 32 1 0 767 822
854 634742.870 3451004.462 2 45 1 0 860 918
855 643368.085 3456538.413 3 40 1 0 537 571
856 631393.063 3453452.693 1 11 1 0 716 747
857 637622.080 3457835.941 2 51 1 0 572 625
858 641804.967 3458391.957 4 90 1 0 813 867
859 652404.697 3458632.660 1 50 1 0 742 782
860 634599.874 3457011.542 2 33 1 0 579 619
861 633066.538 3440636.186 4 61 1 0 580 626
862 636785.433 3446357.592 4 5 1 0 769 811
863 652049.028 3460356.048 1 15 1 0 842 874
864 635393.231 3456274.936 3 24 1 0 525 574
865 634914.340 3449759.456 2 74 1 0 635 690
866 645155.041 3445911.153 2 6 1 0 734 778
867 634945.374 3457408.610 3 35 1 0 955 1003
868 636823.710 3459461.544 1 33 1 0 943 995
869 644445.818 3453931.591 4 99 1 0 719 751
870 633487.987 3454449.079 1 64 1 0 592 644
871 645210.750 3454365.566 1 60 1 0 889 930
872 636174.641 3460299.994 1 81 1 0 897 939
873 645030.385 3459048.043 4 25 1 0 906 951
874 643786.980 3458561.311 4 49 1 0 558 613
875 635794.958 3457696.705 4 14 1 0 792 834
876 645737.883 3454526.833 1 24 1 0 626 658
877 649988.699 3458517.070 3 38 1 0 875 921
878 644468.511 3464071.754 3 27 1 0 596 637
879 630035.492 3450321.755 4 27 1 0 740 791
880 637768.107 3468123.723 4 48 1 0 814 863
881 635883.927 3455161.078 4 97 1 0 757 800
882 635466.444 3457011.119 2 27 1 0 862 909
883 633226.551 3457590.714 1 15 1 0 809 860
884 636941.676 3466638.526 2 89 1 0 598 637
885 645654.127 3458902.682 1 64 1 0 714 771
886 651534.078 3468075.091 3 52 1 0 843 899
887 641683.533 3466651.498 1 96 1 0 675 708
888 636364.299 3454085.601 2 55 1 0 920 952
889 629222.023 3445130.638 1 9 1 0 641 699
890 637210.867 3454115.845 4 91 1 0 730 772
891 651166.861 3449475.596 4 20 1 0 738 785
892 654428.178 3453264.800 1 37 1 0 742 781
893 655518.027 3464587.745 2 3 1 0 703 735
894 642246.669 3459233.278 4 79 1 0 618 653
895 634977.220 3443285.636 4 44 1 0 860 911
896 643626.238 3464268.070 4 9 1 0 675 725
897 633910.227 3442548.392 3 85 1 0 734 772
898 636886.087 3466087.321 2 47 1 0 860 897
899 639500.631 3454592.472 1 74 1 0 832 882
900 640876.760 3457074.488 4 51 1 0 931 964
901 653243.436 3461897.915 1 72 1 0 574 614
902 640652.214 3458530.453 3 69 1 0 620 679
903 632161.649 3449678.408 3 4 1 0 552 591
904 646488.485 3450987.914 3 56 1 0 546 602
905 637304.577 3461885.289 3 90 1 0 596 629
906 642872.569 3469604.899 3 59 1 0 852 908
907 640649.638 3459958.596 3 99 1 0 624 678
908 641328.303 3461865.532 4 36 1 0 913 953
909 647175.831 3459816.997 1 61 1 0 559 599
910 632161.287 3440709.524 3 33 1 0 731 768
911 634633.292 3461889.194 1 32 1 0 710 747
912 634876.330 3444962.663 2 44 1 0 598 656
913 641792.369 3462999.713 1 1 1 0 869 903
914 635427.774 3452302.787 4 71 1 0 782 826
915 631675.013 3457625.065 2 46 1 0 897 932
916 641132.204 3453316.932 2 61 1 0 752 788
917 638569.179 3453975.805 3 49 1 0 930 966
918 634865.067 3461861.373 1 4 1 0 585 621
919 645251.401 3459566.943 3 91 1 0 716 748
920 641643.848 3456603.598 4 1 1 0 809 862
921 637392.355 3458964.681 2 59 1 0 585 624
922 638243.377 3456362.041 2 32 1 0 656 707
923 637924.842 3451638.430 4 21 1 0 732 763
924 652240.934 3460120.142 4 78 1 0 806 864
925 639905.484 3453254.373 3 82 1 0 845 899
926 632156.253 3453539.229 3 27 1 0 562 605
927 631731.100 3440407.765 2 33 1 0 821 868
928 633100.077 3450587.108 3 15 1 0 809 851
929 634853.262 3459948.050 1 73 1 0 627 670
930 635942.839 3446227.379 4 59 1 0 759 801
931 642468.431 3454089.431 3 55 1 0 507 552
932 647213.233 3455490.519 1 89 1 0 752 783
933 641823.770 3455770.672 3 68 1 0 578 621
934 644688.143 3453392.127 3 6 1 0 597 645
935 652888.829 3463090.029 4 20 1 0 680 724
936 626419.191 3444438.507 1 35 1 0 665 705
937 636947.061 3449720.216 1 55 1 0 798 854
938 644929.159 3458954.256 4 24 1 0 639 670
939 640642.898 3462683.983 4 94 1 0 728 768
940 633220.703 3440757.454 1 59 1 0 886 924
941 641543.590 3454712.129 2 69 1 0 572 628
942 648056.859 3458778.413 4 82 1 0 664 702
943 638252.164 3461728.344 3 55 1 0 769 802
944 640146.715 3452780.243 1 31 1 0 607 653
945 644008.663 3464100.079 1 46 1 0 576 624
946 645185.620 3465994.928 2 44 1 0 880 922
947 629625.633 3451356.017 3 88 1 0 937 981
948 637597.886 3451587.963 4 92 1 0 945 992
949 652841.600 3463609.062 3 86 1 0 761 798
950 639325.771 3455055.944 4 92 1 0 662 696
951 642993.126 3453946.410 1 82 1 0 654 695
952 632682.555 3453257.144 2 79 1 0 843 897
953 642819.325 3446745.445 4 72 1 0 662 720
954 640638.239 3451901.410 1 25 1 0 765 816
955 640241.360 3456604.056 4 24 1 0 646 697
956 633548.192 3444988.131 2 96 1 0 871 903
957 647716.458 3461583.883 2 79 1 0 612 660
958 636058.814 3443391.888 3 31 1 0 675 721
959 643233.930 3453999.727 3 72 1 0 752 794
960 638278.472 3454949.747 4 19 1 0 539 575
961 628404.943 3446429.417 3 33 1 0 585 640
962 637523.035 3454785.872 4 36 1 0 806 836
963 646856.162 3450015.232 3 57 1 0 895 928
964 638117.469 3460406.194 3 34 1 0 840 896
965 646948.793 3455948.779 4 77 1 0 943 982
966 641756.776 3459022.633 4 35 1 0 522 556
967 651092.074 3459526.099 1 73 1 0 697 727
968 638459.204 3466831.689 1 86 1 0 791 832
969 630763.296 3450611.756 2 62 1 0 859 918
970 641166.301 3454722.461 3 4 1 0 648 700
971 634382.682 3454853.100 4 19 1 0 873 930
972 631164.160 3459073.739 2 37 1 0 714 750
973 642127.433 3453615.180 3 14 1 0 622 670
974 632767.878 3456984.410 4 57 1 0 893 943
975 636787.143 3455407.593 4 74 1 0 785 829
976 640783.310 3461827.415 3 1 1 0 729 761
977 640872.096 3456681.774 1 3 1 0 814 873
978 642164.689 3445939.765 4 93 1 0 599 644
979 634097.008 3465308.335 3 20 1 0 784 823
980 637059.895 3457324.319 3 87 1 0 565 622
981 633515.966 3445441.945 4 16 1 0 778 823
982 634820.515 3461983.983 3 67 1 0 814 848
983 635766.073 3447614.730 2 95 1 0 643 675
984 640428.521 3462646.467 2 26 1 0 717 760
985 643241.872 3458761.747 1 48 1 0 635 673
986 636619.040 3456125.255 3 45 1 0 627 678
987 641415.630 3457832.379 2 64 1 0 932 987
988 639306.040 3452295.608 1 21 1 0 726 778
989 641179.086 3459191.937 4 12 1 0 610 646
990 641691.491 3455276.150 1 33 1 0 928 964
991 635640.645 3451189.199 2 34 1 0 695 745
992 632964.918 3449757.793 2 58 1 0 546 576
993 648528.122 3469171.571 2 68 1 0 858 910
994 631788.872 3454342.988 3 88 1 0 854 902
995 640135.044 3457384.090 2 70 1 0 910 942
996 650131.033 3456886.828 3 96 1 0 932 983
997 640454.661 3454004.635 1 48 1 0 880 935
998 643861.792 3449692.940 3 94 1 0 774 812
999 638658.125 3465282.955 4 74 1 0 734 765
1000 643025.675 3447887.693 2 17 1 0 894 924
1001 639239.714 3465787.251 1 97 1 0 674 712
1002 633532.251 3453306.376 2 89 1 0 932 971
1003 644253.862 3462132.441 4 55 1 0 714 756
1004 644991.450 3446008.994 3 7 1 0 700 730
1005 641149.120 3456743.230 4 6 1 0 884 927
1006 636181.347 3451346.298 3 70 1 0 541 583
1007 638309.997 3460851.419 1 5 1 0 623 670
1008 643064.031 3455302.416 4 46 1 0 678 731
1009 637684.375 3453579.254 4 81 1 0 510 551
1010 641296.439 3457103.214 3 14 1 0 950 1006
1011 632805.055 3451938.358 4 79 1 0 728 760
1012 638700.536 3460821.923 2 88 1 0 900 959
1013 654102.388 3454950.074 2 70 1 0 578 629
1014 652972.223 3452123.284 1 39 1 0 582 641
1015 645081.333 3461824.323 2 10 1 0 612 649
1016 631908.650 3450853.135 3 29 1 0 664 699
1017 634969.052 3449363.670 1 87 1 0 892 936
1018 650323.795 3469058.597 3 21 1 0 755 800
1019 635346.319 3445496.036 4 88 1 0 776 830
1020 646551.513 3460716.789 1 71 1 0 694 741
1021 642505.409 3449886.248 1 38 1 0 831 888
1022 641009.262 3449150.133 2 62 1 0 895 933
1023 637105.209 3455877.515 2 94 1 0 690 737
1024 636546.570 3458649.553 3 51 1 0 946 985
1025 636243.616 3451393.295 2 86 1 0 559 604
1026 635871.263 3460492.389 4 42 1 0 872 914
1027 644253.381 3461204.678 3 58 1 0 862 892
1028 637164.176 3445492.542 2 36 1 0 573 609
1029 632292.257 3450084.225 2 72 1 0 572 629
1030 639238.137 3455928.618 4 91 1 0 507 546
1031 639976.636 3455368.690 3 9 1 0 892 945
1032 639401.302 3459091.218 4 15 1 0 541 590
1033 631678.920 3440341.678 2 96 1 0 879 910
1034 635451.174 3454085.363 3 33 1 0 874 913
1035 650552.317 3457728.235 3 42 1 0 904 940
1036 639301.763 3453869.986 2 43 1 0 909 968
1037 637042.714 3453817.249 1 10 1 0 956 1014
1038 635334.889 3456181.799 2 4 1 0 859 916
1039 630887.619 3446725.503 1 9 1 0 631 671
1040 653207.287 3460295.878 2 91 1 0 594 647
1041 638367.014 3447698.552 2 18 1 0 868 904
1042 631056.694 3458410.309 3 21 1 0 689 745
1043 641204.980 3457263.667 4 15 1 0 749 804
1044 639418.338 3458055.927 2 80 1 0 545 598
1045 636982.657 3453092.773 3 30 1 0 606 648
1046 642025.473 3460673.873 2 86 1 0 645 704
1047 641219.844 3454676.985 2 72 1 0 939 977
1048 650491.742 3461034.277 2 18 1 0 630 666
1049 637598.231 3454348.018 3 56 1 0 526 558
1050 638249.986 3457620.907 2 41 1 0 582 618
1051 640194.854 3455129.075 4 55 1 0 939 991
1052 654658.823 3452656.072 3 24 1 0 638 691
1053 650173.777 3461303.057 3 34 1 0 594 641
1054 639482.234 3455481.460 2 76 1 0 624 668
1055 649812.249 3446030.089 3 28 1 0 725 758
1056 634898.501 3462346.833 3 55 1 0 884 942
1057 642706.812 3455297.566 3 76 1 0 838 885
1058 635789.315 3457877.555 3 88 1 0 830 863
1059 649236.695 3458371.630 1 94 1 0 652 695
1060 628996.386 3454639.445 3 94 1 0 745 787
1061 636982.657 3453092.773 2 50 1 0 709 761
1062 637929.253 3453828.823 2 5 1 0 882 925
1063 632542.221 3465688.911 1 33 1 0 707 762
1064 637690.181 3454653.326 4 94 1 0 852 883
1065 641646.234 3462805.261 3 5 1 0 796 841
1066 634995.989 3458875.891 1 67 1 0 741 775
1067 642210.585 3458478.276 2 76 1 0 746 786
1068 634234.487 3462311.376 3 91 1 0 829 886
1069 639362.641 3452269.410 2 96 1 0 856 897
1070 641831.074 3459643.414 4 14 1 0 614 649
1071 649288.614 3457510.037 3 12 1 0 801 859
1072 630410.480 3450507.304 1 33 1 0 683 742
1073 642216.062 3464422.093 2 24 1 0 900 955
1074 636416.743 3454378.836 3 35 1 0 639 693
1075 641040.434 3455968.018 1 25 1 0 957 994
1076 642530.265 3454409.779 2 5 1 0 953 984
1077 639726.718 3459488.190 3 39 1 0 569 623
1078 630565.149 3453515.534 4 67 1 0 695 753
1079 636499.592 3453602.326 1 57 1 0 593 623
1080 658297.189 3462450.268 4 2 1 0 858 897
1081 632080.620 3450070.024 1 9 1 0 911 946
1082 640838.874 3454467.858 4 29 1 0 626 679
1083 634370.980 3452658.798 3 84 1 0 688 724
1084 640945.165 3463315.515 1 57 1 0 761 799
1085 633394.265 3454012.912 2 27 1 0 554 607
1086 644928.368 3444814.772 4 42 1 0 627 675
1087 639208.063 3456201.534 1 27 1 0 888 944
1088 646333.238 3455967.148 2 23 1 0 588 621
1089 641944.851 3456603.805 4 66 1 0 658 714
1090 640022.815 3459850.137 4 16 1 0 713 764
1091 644082.229 3460424.709 2 31 1 0 935 993
1092 641656.939 3456122.582 1 6 1 0 914 959
1093 649559.417 3469602.020 2 16 1 0 648 684
1094 639227.905 3451948.123 2 40 1 0 557 602
1095 654042.088 3453644.122 2 47 1 0 641 680
1096 639196.816 3452798.445 3 25 1 0 965 1022
1097 638811.689 3457913.169 1 4 1 0 910 964
1098 639349.591 3454756.000 4 49 1 0 754 786
1099 635430.676 3458504.237 4 91 1 0 566 609
1100 632118.837 3445959.430 4 99 1 0 724 772
1101 637440.186 3457329.282 4 71 1 0 709 767
1102 640635.938 3456532.333 4 26 1 0 576 606
1103 641607.333 3462258.097 2 92 1 0 880 939
1104 626427.822 3445100.674 1 76 1 0 848 886
1105 632406.900 3442787.362 3 37 1 0 897 927
1106 638609.884 3464681.791 3 87 1 0 856 891
1107 641411.806 3464010.866 3 86 1 0 586 640
1108 636588.612 3457195.006 1 68 1 0 727 762
1109 637422.630 3453860.694 2 57 1 0 836 888
1110 636942.786 3454632.030 2 88 1 0 785 820
1111 636422.523 3450610.330 1 8 1 0 843 885
1112 638141.605 3462593.028 2 43 1 0 707 766
1113 637809.487 3464975.358 2 54 1 0 845 881
1114 634544.096 3461884.202 3 54 1 0 553 597
1115 646163.111 3463914.289 2 64 1 0 807 839
1116 645846.385 3462443.165 4 30 1 0 932 966
1117 638255.784 3453906.245 3 85 1 0 906 949
1118 636231.691 3453595.007 3 4 1 0 852 896
1119 637905.309 3453636.037 1 1 1 0 652 692
1120 631068.700 3442535.881 2 10 1 0 567 598
1121 649136.848 3464237.162 4 14 1 0 855 895
1122 650741.712 3469176.247 4 8 1 0 655 714
1123 637010.235 3453770.633 3 70 1 0 942 994
1124 635045.758 3449318.459 2 87 1 0 906 943
1125 641834.198 3455978.687 1 99 1 0 523 555
1126 640998.990 3462261.459 2 51 1 0 739 784
1127 642001.159 3456107.974 3 74 1 0 809 865
1128 638278.750 3460462.209 4 86 1 0 849 887
1129 644697.688 3455586.519 3 29 1 0 527 575
1130 646614.690 3456660.149 3 10 1 0 894 941
1131 643872.144 3450632.369 4 26 1 0 564 622
1132 640045.273 3458660.933 4 87 1 0 723 775
1133 640798.593 3465861.961 1 35 1 0 808 856
1134 641264.873 3463385.256 4 82 1 0 676 717
1135 634668.138 3457104.802 1 69 1 0 872 913
1136 645156.248 3455438.850 4 68 1 0 630 668
1137 626499.235 3444943.711 2 41 1 0 832 884
1138 639762.865 3457017.284 4 53 1 0 733 776
1139 632561.243 3449748.862 1 81 1 0 751 786
1140 644445.493 3459255.567 3 28 1 0 884 923
1141 635503.968 3454867.473 3 60 1 0 777 813
1142 641326.925 3457049.731 3 88 1 0 730 786
1143 636845.318 3446335.272 4 73 1 0 844 899
1144 639175.655 3455650.628 4 36 1 0 885 937
1145 633345.980 3453123.096 2 92 1 0 622 661
1146 637976.737 3445137.432 2 80 1 0 649 694
1147 637503.560 3452730.014 3 50 1 0 881 930
1148 633714.412 3444674.589 2 15 1 0 702 754
1149 654039.919 3453339.960 2 39 1 0 599 656
1150 656176.813 3461633.144 1 21 1 0 778 809
1151 639549.918 3461595.378 4 50 1 0 716 752
1152 635468.258 3454043.239 3 70 1 0 834 882
1153 643546.091 3457310.755 4 36 1 0 920 978
1154 641395.202 3461562.317 1 1 1 0 864 905
1155 634210.495 3461860.685 2 95 1 0 913 944
1156 640926.600 3456316.800 2 5 1 0 712 755
1157 644673.398 3455909.551 2 60 1 0 703 740
1158 640787.763 3463960.129 2 39 1 0 786 817
1159 637299.694 3449328.311 2 93 1 0 880 934
1160 648164.263 3453498.198 3 43 1 0 819 858
1161 631190.694 3454558.779 1 46 1 0 712 745
1162 639676.248 3456565.742 3 65 1 0 739 770
1163 637665.433 3464619.311 3 36 1 0 660 709
1164 649094.586 3447374.998 4 91 1 0 631 672
1165 644779.419 3459741.362 4 48 1 0 702 744
1166 646665.766 3456318.244 4 16 1 0 833 884
1167 632166.467 3452988.900 1 47 1 0 846 884
1168 634748.472 3452636.673 1 53 1 0 702 749
1169 629123.392 3449132.666 1 9 1 0 923 976
1170 628486.302 3451165.000 2 59 1 0 564 618
1171 649563.277 3451212.025 4 16 1 0 853 910
1172 639999.339 3452416.432 3 23 1 0 908 956
1173 657110.359 3462663.433 3 88 1 0 612 650
1174 635183.541 3451737.639 4 56 1 0 521 551
1175 644299.632 3453975.781 2 76 1 0 739 773
1176 635761.631 3450274.600 2 54 1 0 835 882
1177 637692.932 3458991.711 3 54 1 0 892 939
1178 636152.590 3449729.177 4 86 1 0 731 769
1179 644738.579 3457423.338 3 87 1 0 780 830
1180 633666.606 3464590.694 3 55 1 0 657 707
1181 638350.234 3453264.625 4 16 1 0 932 973
1182 637289.227 3455464.173 3 28 1 0 637 688
1183 638323.640 3445449.922 4 12 1 0 649 702
1184 653006.301 3466595.058 4 18 1 0 774 833
1185 631938.143 3451669.563 2 50 1 0 791 821
1186 631141.831 3446782.548 4 7 1 0 577 607
1187 642814.127 3456896.587 2 89 1 0 676 713
1188 648309.080 3458716.523 1 19 1 0 669 720
1189 631775.408 3464909.365 4 19 1 0 775 805
1190 636170.487 3448855.595 3 69 1 0 754 800
1191 636919.078 3466091.601 3 69 1 0 730 782
1192 629106.908 3447504.223 3 5 1 0 653 706
1193 634424.358 3454179.988 4 88 1 0 757 815
1194 651189.893 3456632.512 2 26 1 0 814 844
1195 634103.617 3456762.691 3 49 1 0 689 748
1196 641556.035 3455262.779 2 42 1 0 879 925
1197 628759.435 3457511.977 4 87 1 0 828 858
1198 651426.173 3457683.036 2 50 1 0 774 832
1199 633502.390 3447824.512 1 5 1 0 696 730
1200 641894.437 3462785.516 1 10 1 0 838 894
1201 648593.967 3452357.057 2 29 1 0 548 587
1202 637151.837 3459150.164 1 67 1 0 876 931
1203 640514.601 3453231.685 4 48 1 0 747 801
1204 640777.441 3453123.559 2 51 1 0 926 969
1205 640624.605 3457132.706 1 18 1 0 667 712
1206 629951.746 3449866.506 2 36 1 0 852 910
1207 632605.279 3452825.043 4 82 1 0 615 668
1208 644925.024 3458534.591 2 70 1 0 785 840
1209 642145.682 3459120.274 2 30 1 0 715 748
1210 633801.775 3466948.280 3 52 1 0 644 683
1211 640691.758 3459035.271 3 81 1 0 779 815
1212 632060.154 3443237.241 4 11 1 0 596 651
1213 654423.896 3452879.761 3 4 1 0 817 852
1214 634516.127 3463808.566 2 73 1 0 917 974
1215 634318.540 3461942.905 2 76 1 0 758 788
1216 645082.433 3460068.909 1 72 1 0 664 714
1217 636873.094 3453376.207 1 6 1 0 622 680
1218 639183.439 3453810.679 3 7 1 0 933 977
1219 641815.198 3458368.997 1 65 1 0 955 1007
1220 645622.978 3466628.488 3 17 1 0 697 750
1221 630117.199 3456831.958 1 54 1 0 748 796
1222 640694.244 3460825.339 4 92 1 0 666 724
1223 642176.559 3459282.374 3 89 1 0 854 895
1224 642150.389 3463170.087 4 66 1 0 555 608
1225 646155.880 3450867.810 1 89 1 0 562 621
1226 638217.643 3455299.250 2 41 1 0 566 597
1227 641785.023 3454226.488 1 18 1 0 912 962
1228 638647.030 3460617.193 4 39 1 0 943 1002
1229 650677.029 3461256.368 4 47 1 0 793 848
1230 638755.942 3456372.638 1 81 1 0 758 789
1231 638600.891 3468111.609 1 36 1 0 722 774
1232 647287.645 3451114.538 4 43 1 0 846 896
1233 639286.595 3454266.282 2 68 1 0 929 966
1234 641913.237 3457230.854 4 98 1 0 652 695
1235 641742.876 3459072.490 1 82 1 0 647 686
1236 646416.688 3462797.572 2 94 1 0 563 612
1237 637808.415 3463547.175 2 26 1 0 564 601
1238 631194.916 3453157.673 2 83 1 0 873 928
1239 637127.907 3467811.213 4 50 1 0 609 661
1240 644948.994 3454873.954 1 32 1 0 607 652
1241 645989.688 3456408.932 2 81 1 0 933 974
1242 628500.850 3451057.398 2 19 1 0 798 843
1243 637533.893 3467843.480 4 51 1 0 730 770
1244 634185.175 3451659.440 1 19 1 0 911 948
1245 643889.248 3459063.157 2 5 1 0 549 597
1246 642121.458 3457976.629 2 32 1 0 942 996
1247 644076.075 3456771.361 2 19 1 0 700 733
1248 634253.170 3456706.858 3 8 1 0 689 741
1249 639136.525 3455357.550 1 32 1 0 834 872
1250 637212.226 3453249.739 3 65 1 0 703 744
1251 644527.343 3447500.101 1 48 1 0 901 946
1252 640351.113 3454326.612 2 87 1 0 960 1004
1253 636137.373 3463429.128 3 96 1 0 715 766
1254 641253.705 3455605.174 2 5 1 0 535 567
1255 633924.852 3440085.017 2 59 1 0 798 835
1256 652956.892 3465450.945 4 3 1 0 858 899
1257 636567.128 3454007.391 2 29 1 0 728 787
1258 654630.581 3466711.286 2 7 1 0 716 749
1259 639451.616 3452047.318 3 61 1 0 879 914
1260 636468.535 3449867.990 4 32 1 0 723 776
1261 644643.773 3464066.469 1 24 1 0 735 788
1262 640489.937 3458547.531 3 2 1 0 709 750
1263 639254.727 3451671.316 3 83 1 0 952 990
1264 635083.941 3452021.217 1 55 1 0 666 717
1265 636743.521 3456473.322 3 90 1 0 599 642
1266 640805.466 3453254.817 1 79 1 0 769 824
1267 638128.613 3456033.329 1 13 1 0 645 690
1268 637804.572 3451725.393 1 67 1 0 571 612
1269 631809.531 3458238.800 4 31 1 0 904 962
1270 647505.558 3457292.396 4 47 1 0 569 619
1271 636365.117 3447626.302 2 24 1 0 906 945
1272 628872.591 3437936.009 4 65 1 0 883 942
1273 628984.499 3441259.248 4 90 1 0 601 646
1274 630918.326 3450386.570 1 26 1 0 569 621
1275 643772.754 3458634.258 2 83 1 0 570 607
1276 634873.381 3442079.468 2 26 1 0 882 923
1277 637968.425 3451342.593 4 7 1 0 820 852
1278 636423.757 3454348.132 3 87 1 0 787 835
1279 640715.236 3453569.270 4 35 1 0 683 721
1280 632212.410 3445625.711 3 34 1 0 874 912
1281 640373.339 3454892.785 1 35 1 0 606 648
1282 655946.347 3459115.779 4 94 1 0 832 879
1283 633596.236 3467519.226 3 73 1 0 777 823
1284 636822.799 3456990.179 3 66 1 0 620 657
1285 651560.244 3459625.234 2 27 1 0 905 962
1286 633727.752 3444667.059 1 17 1 0 922 956
1287 627564.549 3449398.544 3 35 1 0 906 938
1288 636412.521 3456746.185 3 41 1 0 773 828
1289 641579.432 3457457.328 2 39 1 0 950 1003
1290 655195.614 3456425.205 3 14 1 0 722 779
1291 630495.207 3457021.409 3 64 1 0 619 661
1292 637565.883 3465657.373 4 27 1 0 625 671
1293 630844.216 3449157.721 4 44 1 0 584 618
1294 639411.316 3458086.630 4 30 1 0 556 594
1295 640920.682 3455523.719 3 5 1 0 782 813
1296 647510.540 3458116.291 2 91 1 0 632 685
1297 645375.495 3459680.298 4 91 1 0 857 900
1298 645743.007 3454634.693 1 19 1 0 676 730
1299 640592.907 3462714.110 2 14 1 0 733 790
1300 637383.243 3455357.615 3 69 1 0 728 766
1301 645170.354 3446242.424 4 4 1 0 938 994
1302 643118.735 3458332.767 4 39 1 0 868 927
1303 643619.364 3459694.648 2 39 1 0 769 828
1304 641642.387 3456957.735 3 30 1 0 807 856
1305 641781.671 3456439.924 2 71 1 0 807 843
1306 641643.848 3456603.598 3 71 1 0 889 947
1307 641141.220 3458071.213 1 20 1 0 568 601
1308 638508.403 3451803.910 2 28 1 0 627 660
1309 628163.678 3446122.395 4 9 1 0 837 892
1310 627959.975 3444079.831 1 39 1 0 662 712
1311 644802.383 3462632.744 1 89 1 0 609 654
1312 634930.629 3445636.993 4 2 1 0 885 927
1313 636218.489 3452824.953 1 80 1 0 860 892
1314 636219.374 3459399.801 3 73 1 0 938 979
1315 650802.819 3457558.587 3 8 1 0 831 873
1316 645171.656 3465571.273 3 65 1 0 734 788
1317 637595.582 3464653.040 1 49 1 0 554 593
1318 637244.061 3459178.314 3 37 1 0 838 890
1319 638291.220 3447924.674 3 5 1 0 926 960
1320 639625.498 3454905.936 4 75 1 0 506 536
1321 638010.007 3453725.946 2 88 1 0 548 587
1322 636238.188 3446431.354 4 48 1 0 804 859
1323 641237.189 3453383.781 2 98 1 0 920 956
1324 643915.449 3458840.239 2 3 1 0 641 694
1325 644514.230 3463872.203 2 31 1 0 871 912
1326 627207.634 3445783.650 4 41 1 0 750 785
1327 640863.046 3454144.822 2 88 1 0 611 641
1328 642006.901 3449790.985 1 41 1 0 728 783
1329 638042.043 3455824.322 3 82 1 0 668 709
1330 647716.245 3461834.109 1 41 1 0 809 865
1331 637375.576 3453409.695 3 9 1 0 624 674
1332 640074.808 3455200.618 2 2 1 0 555 594
1333 641265.450 3459901.414 2 81 1 0 624 681
1334 648452.454 3453944.966 3 67 1 0 715 767
1335 639299.618 3457530.822 4 82 1 0 924 955
1336 641889.277 3457781.016 4 8 1 0 721 754
1337 635015.080 3454811.149 2 21 1 0 528 559
1338 645162.098 3455974.025 1 8 1 0 942 988
1339 645034.995 3454875.138 4 63 1 0 873 922
1340 630535.776 3451613.606 1 78 1 0 551 608
1341 638427.756 3457935.054 3 42 1 0 561 611
1342 649734.077 3459907.033 4 18 1 0 869 909
1343 636820.504 3459453.803 1 76 1 0 738 773
1344 631244.010 3453466.232 2 31 1 0 695 726
1345 638944.903 3465090.424 3 94 1 0 693 742
1346 650363.060 3468855.123 1 85 1 0 633 688
1347 641798.311 3452502.082 2 9 1 0 835 877
1348 639149.957 3466324.996 1 81 1 0 751 804
1349 634649.039 3445648.796 3 94 1 0 868 918
1350 626214.472 3444389.869 4 48 1 0 795 841
1351 628988.581 3447164.041 4 89 1 0 854 893
1352 644174.188 3465284.189 4 11 1 0 707 758
1353 653792.745 3467954.006 3 19 1 0 608 659
1354 640890.934 3454780.365 3 26 1 0 752 789
1355 634148.798 3456332.134 1 42 1 0 934 966
1356 636458.439 3449113.376 4 5 1 0 698 730
1357 640924.568 3461155.638 3 32 1 0 582 636
1358 635222.010 3451834.367 4 49 1 0 512 555
1359 639411.265 3454845.354 4 59 1 0 755 804
1360 635340.856 3457517.626 1 34 1 0 543 595
1361 652647.948 3465785.226 2 61 1 0 798 853
1362 638051.872 3453560.968 4 53 1 0 800 858
1363 640313.406 3458641.412 1 71 1 0 680 723
1364 645614.571 3452677.322 2 8 1 0 547 589
1365 641151.493 3449652.468 3 2 1 0 613 659
1366 633871.360 3448487.425 3 74 1 0 860 902
1367 642419.327 3461864.874 1 90 1 0 619 666
1368 640484.125 3455267.665 2 94 1 0 634 684
1369 650123.444 3462742.135 3 98 1 0 629 665
1370 641367.732 3459918.188 1 85 1 0 770 818
1371 632076.062 3453338.057 3 47 1 0 660 691
1372 638703.246 3454347.119 2 72 1 0 510 547
1373 635819.064 3453008.416 2 60 1 0 708 750
1374 638121.112 3460883.579 4 40 1 0 582 632
1375 642093.716 3454642.550 2 73 1 0 932 983
1376 635069.881 3445881.282 1 52 1 0 782 821
1377 641833.357 3458003.535 4 43 1 0 603 661
1378 651083.921 3458482.705 2 96 1 0 794 832
1379 635501.034 3463047.495 4 29 1 0 665 698
1380 636146.901 3453243.614 4 77 1 0 785 826
1381 642837.409 3454937.480 3 3 1 0 533 572
1382 635393.735 3449542.335 2 58 1 0 949 1005
1383 633013.776 3458985.351 4 23 1 0 575 632
1384 633382.496 3453897.282 2 52 1 0 877 935
1385 651214.575 3459516.312 2 34 1 0 736 793
1386 637780.679 3455574.531 3 36 1 0 677 730
1387 657232.415 3456713.385 4 96 1 0 586 616
1388 626589.370 3444606.061 3 77 1 0 784 834
1389 640892.832 3449441.137 2 18 1 0 688 726
1390 636637.005 3454231.565 2 75 1 0 584 626
1391 641386.626 3453589.810 4 24 1 0 719 763
1392 629377.813 3446468.238 3 77 1 0 885 918
1393 643677.358 3459564.554 2 22 1 0 555 606
1394 643103.177 3459718.403 4 15 1 0 869 924
1395 637796.588 3461425.945 2 10 1 0 597 647
1396 641572.117 3458246.385 4 89 1 0 743 778
1397 635595.118 3457035.873 2 66 1 0 836 870
1398 637340.630 3445163.787 3 29 1 0 644 686
1399 629895.075 3457945.520 4 55 1 0 765 805
1400 645078.349 3456769.737 3 5 1 0 678 733
1401 640811.094 3456049.636 3 85 1 0 872 914
1402 638936.133 3465752.428 2 55 1 0 691 723
1403 641691.122 3456777.463 1 6 1 0 671 713
1404 636250.155 3446273.684 3 77 1 0 624 661
1405 635091.473 3457106.381 1 41 1 0 541 580
1406 642157.579 3455548.053 3 82 1 0 731 778
1407 639428.329 3457551.775 2 96 1 0 931 973
1408 646538.064 3459072.802 2 33 1 0 615 660
1409 633892.421 3466060.213 2 39 1 0 831 866
1410 636176.476 3460923.631 3 57 1 0 618 669
1411 638422.719 3460075.305 3 69 1 0 679 719
1412 647211.231 3453504.082 3 74 1 0 701 745
1413 644221.202 3457042.820 1 35 1 0 772 830
1414 639483.021 3454673.078 3 36 1 0 750 791
1415 630735.970 3458671.921 2 7 1 0 926 968
1416 634281.203 3460726.007 1 63 1 0 642 701
1417 644765.885 3466235.502 3 6 1 0 790 821
1418 639681.798 3458140.263 4 92 1 0 842 893
1419 633838.547 3466656.190 3 34 1 0 821 856
1420 642740.182 3455032.400 4 72 1 0 564 605
1421 643582.358 3459982.861 3 88 1 0 647 689
1422 638057.683 3467711.785 2 67 1 0 790 822
1423 644345.391 3457152.312 2 84 1 0 731 771
1424 640268.493 3455064.615 1 16 1 0 668 710
1425 632233.302 3441838.264 3 37 1 0 826 867
1426 651218.594 3458777.221 1 47 1 0 741 778
1427 641790.430 3459469.635 2 74 1 0 590 648
1428 632391.548 3442690.937 2 42 1 0 702 742
1429 636426.015 3455195.036 2 40 1 0 838 875
1430 655602.161 3465378.212 3 78 1 0 668 726
1431 643400.337 3454413.894 1 83 1 0 911 950
1432 641448.342 3453182.591 1 76 1 0 633 679
1433 641372.170 3460079.929 1 46 1 0 773 803
1434 641127.857 3455122.296 4 24 1 0 547 602
1435 653340.263 3460247.771 3 87 1 0 806 851
1436 641497.750 3454430.498 1 78 1 0 886 944
1437 637421.877 3451381.646 4 64 1 0 797 842
1438 638457.134 3455702.742 2 18 1 0 521 559
1439 642629.251 3462961.006 3 19 1 0 690 727
1440 636610.443 3454238.919 1 58 1 0 921 962
1441 639992.539 3455665.313 4 28 1 0 762 816
1442 641825.150 3457876.389 1 26 1 0 746 784
1443 640639.915 3458460.997 4 42 1 0 689 740
1444 637039.408 3454071.268 3 74 1 0 905 961
1445 650700.191 3462176.787 3 90 1 0 629 660
1446 635998.721 3456005.586 2 51 1 0 816 858
1447 636610.053 3457072.102 1 89 1 0 670 707
1448 626515.973 3446310.382 4 84 1 0 606 640
1449 634317.252 3464110.124 1 39 1 0 639 686
1450 643801.439 3459196.691 3 52 1 0 694 731
1451 640632.263 3454083.995 3 74 1 0 713 761
1452 637507.034 3458034.608 2 44 1 0 913 943
1453 653263.672 3463003.100 3 45 1 0 694 745
1454 639579.197 3453157.656 4 58 1 0 939 970
1455 645938.421 3456766.235 3 86 1 0 861 900
1456 641651.879 3456007.028 2 25 1 0 602 659
1457 637749.626 3459712.307 4 26 1 0 696 749
1458 641384.701 3449786.475 4 49 1 0 537 568
1459 639461.179 3455073.135 3 53 1 0 653 707
1460 641556.877 3454462.089 4 79 1 0 662 694
1461 630028.939 3453266.393 4 95 1 0 674 724
1462 645991.737 3459596.450 3 72 1 0 626 659
1463 644586.055 3454079.799 3 81 1 0 582 631
1464 636606.462 3443298.868 4 35 1 0 763 803
1465 640316.932 3456889.928 3 94 1 0 612 643
1466 651328.703 3449039.053 2 58 1 0 761 794
1467 640167.524 3457180.499 2 62 1 0 690 738
1468 638383.705 3458015.313 4 29 1 0 656 692
1469 646749.254 3456261.664 1 54 1 0 862 912
1470 640967.827 3455955.497 2 74 1 0 548 606
1471 641362.969 3464691.582 3 54 1 0 645 690
1472 635589.421 3454910.917 4 71 1 0 897 939
1473 636461.485 3445548.879 4 53 1 0 673 726
1474 642540.112 3453682.350 3 90 1 0 844 894
1475 641832.395 3462973.306 2 31 1 0 655 701
1476 638388.154 3459435.834 4 73 1 0 698 728
1477 633158.580 3451981.313 2 97 1 0 648 682
1478 639095.909 3454175.223 2 87 1 0 541 578
1479 639353.682 3452196.152 4 25 1 0 561 603
1480 640397.635 3452325.495 2 19 1 0 735 776
1481 648278.023 3458573.648 2 41 1 0 617 673
1482 632352.963 3445242.540 3 18 1 0 906 945
1483 636487.981 3447085.126 2 32 1 0 742 775
1484 633929.614 3448592.097 3 43 1 0 889 942
1485 649414.839 3447672.099 1 20 1 0 909 951
1486 633587.055 3449503.899 2 20 1 0 611 657
1487 639095.375 3452712.417 3 68 1 0 601 632
1488 633229.525 3457355.939 2 19 1 0 728 771
1489 636188.400 3460003.764 1 42 1 0 847 889
1490 635991.236 3455816.867 1 54 1 0 632 687
1491 630336.351 3450614.168 4 16 1 0 880 937
1492 655966.668 3452386.618 2 96 1 0 576 614
1493 630815.714 3450654.749 2 88 1 0 831 881
1494 656696.213 3460062.442 1 30 1 0 731 766
1495 634368.753 3447639.190 3 16 1 0 754 788
1496 641732.364 3458625.800 4 30 1 0 565 608
1497 642576.970 3458286.910 2 67 1 0 817 861
1498 645316.119 3446236.730 2 65 1 0 801 845
1499 641704.806 3455761.370 4 15 1 0 847 887
1500 637503.560 3452730.014 1 23 1 0 538 595
1501 641166.404 3454714.764 4 80 1 0 579 625
1502 641245.157 3459443.045 4 50 1 0 792 822
1503 633477.663 3453436.563 3 49 1 0 789 835
1504 642966.807 3449788.556 3 22 1 0 892 930
1505 639316.035 3458039.173 3 57 1 0 738 770
1506 639416.616 3456439.114 2 5 1 0 971 1030
1507 636301.338 3462257.166 4 56 1 0 554 612
1508 630003.831 3461984.833 4 16 1 0 796 854
1509 644894.749 3459531.223 2 57 1 0 664 713
1510 644883.414 3459873.682 3 38 1 0 921 969
1511 634366.379 3461304.511 2 27 1 0 624 665
1512 652742.055 3463861.699 2 56 1 0 671 707
1513 643852.865 3450104.719 3 89 1 0 877 918
1514 626287.402 3444383.042 4 22 1 0 600 642
1515 647687.311 3458010.982 3 80 1 0 770 800
1516 630769.190 3446931.897 1 44 1 0 805 850
1517 642798.944 3449963.360 1 14 1 0 665 704
1518 630483.532 3444060.650 4 41 1 0 729 782
1519 641333.073 3459790.686 4 66 1 0 689 742
1520 639812.962 3454989.264 1 14 1 0 612 661
1521 650608.455 3469482.312 4 12 1 0 791 823
1522 639136.066 3454891.757 3 39 1 0 531 590
1523 637269.344 3459521.247 1 95 1 0 558 590
1524 640271.057 3455368.760 2 46 1 0 727 762
1525 635631.147 3457063.284 1 99 1 0 555 606
1526 639071.292 3457789.565 4 99 1 0 633 668
1527 634050.323 3453155.132 2 56 1 0 928 969
1528 634121.361 3454072.190 2 39 1 0 924 968
1529 641624.354 3452888.543 2 43 1 0 707 741
1530 645884.352 3458994.416 1 33 1 0 806 860
1531 640370.652 3454349.969 3 64 1 0 869 902
1532 637665.379 3449460.109 2 70 1 0 725 772
1533 648781.127 3450819.842 1 38 1 0 903 961
1534 635392.799 3457079.460 3 51 1 0 865 924
1535 647239.533 3446498.200 1 39 1 0 660 716
1536 641406.428 3458024.732 1 47 1 0 751 799
1537 637991.115 3462975.999 3 85 1 0 632 691
1538 644702.911 3459293.754 4 50 1 0 754 794
1539 637631.933 3464653.517 4 11 1 0 763 801
1540 640218.057 3454628.949 3 67 1 0 797 850
1541 637671.029 3447758.739 4 77 1 0 697 745
1542 640082.703 3455104.485 4 36 1 0 607 642
1543 643976.937 3449259.514 2 42 1 0 954 999
1544 643898.790 3461746.458 2 75 1 0 540 584
1545 638294.236 3449714.700 4 2 1 0 882 917
1546 639277.884 3457923.183 4 83 1 0 744 777
1547 645550.446 3453007.500 1 98 1 0 667 703
1548 645726.822 3467003.349 2 45 1 0 689 736
1549 636327.574 3453600.097 1 99 1 0 604 649
1550 635970.158 3464089.070 4 28 1 0 600 654
1551 644687.289 3455621.023 4 75 1 0 867 912
1552 640067.328 3463453.896 1 93 1 0 918 962
1553 638943.618 3465436.866 3 28 1 0 666 704
1554 630829.318 3445285.147 4 96 1 0 657 708
1555 638079.762 3455470.666 3 48 1 0 572 605
1556 633667.505 3452033.949 4 20 1 0 535 575
1557 648064.977 3451144.676 3 22 1 0 920 979
1558 633079.860 3452188.184 2 40 1 0 662 692
1559 645178.238 3459596.729 4 13 1 0 931 983
1560 630754.358 3454264.651 3 30 1 0 759 802
1561 646003.643 3465159.360 4 89 1 0 625 664
1562 642067.981 3460709.093 1 97 1 0 659 718
1563 633439.478 3453316.748 1 57 1 0 819 870
1564 647240.028 3457357.969 2 58 1 0 906 945
1565 641140.750 3459584.076 4 89 1 0 799 836
1566 641832.175 3456128.792 4 60 1 0 957 1011
1567 629172.052 3441361.617 4 80 1 0 670 715
1568 639973.638 3462051.413 2 51 1 0 551 610
1569 629644.419 3457353.479 1 71 1 0 659 696
1570 641136.089 3455988.549 1 95 1 0 557 594
1571 641084.074 3463556.055 4 33 1 0 556 599
1572 633200.034 3452366.774 4 91 1 0 833 869
1573 631221.234 3441987.327 4 54 1 0 613 653
1574 649723.476 3460418.894 3 5 1 0 821 874
1575 646900.133 3453746.114 1 23 1 0 760 797
1576 637386.222 3458421.825 4 49 1 0 633 671
1577 636908.025 3449157.696 2 66 1 0 617 653
1578 653805.548 3452847.617 2 82 1 0 692 740
1579 640135.038 3458377.265 2 27 1 0 573 609
1580 633548.006 3457279.141 2 56 1 0 879 933
1581 643406.509 3459541.607 4 28 1 0 607 663
1582 644644.720 3464717.071 3 77 1 0 567 615
1583 629818.800 3456354.804 4 43 1 0 863 909
1584 639841.223 3457591.902 1 79 1 0 513 549
1585 631064.816 3444718.373 2 7 1 0 755 795
1586 629472.011 3456850.943 1 54 1 0 614 645
1587 652102.798 3460753.351 1 65 1 0 818 869
1588 641137.912 3457578.428 4 43 1 0 617 664
1589 640975.524 3455874.760 2 65 1 0 697 749
1590 642964.580 3455073.941 3 1 1 0 776 809
1591 641079.925 3456476.685 3 77 1 0 755 813
1592 637614.579 3459672.043 3 82 1 0 761 811
1593 639853.012 3454962.849 2 36 1 0 803 849
1594 641252.845 3467958.396 4 23 1 0 628 676
1595 633324.687 3448264.940 4 76 1 0 903 949
1596 636564.690 3453429.945 1 77 1 0 750 791
1597 641104.465 3456126.707 3 56 1 0 925 958
1598 637810.062 3453076.620 4 68 1 0 857 898
1599 641166.376 3456443.199 3 68 1 0 827 879
1600 629986.793 3450513.619 1 85 1 0 886 922
1601 633656.666 3452888.372 3 77 1 0 533 563
1602 650724.518 3459559.319 1 72 1 0 816 873
1603 638686.026 3457661.294 2 59 1 0 718 765
1604 637153.374 3451924.767 1 60 1 0 707 754
1605 634541.482 3453557.882 1 97 1 0 545 598
1606 637549.475 3441582.724 3 42 1 0 790 841
1607 654419.000 3464471.415 4 80 1 0 593 650
1608 629966.474 3454574.390 4 51 1 0 752 791
1609 638505.131 3459090.920 3 52 1 0 597 636
1610 631070.220 3453606.493 3 83 1 0 802 835
1611 634107.927 3455126.752 3 44 1 0 709 742
1612 641063.993 3455691.169 3 88 1 0 691 749
1613 642783.681 3460841.983 3 11 1 0 696 734
1614 647872.542 3446691.827 1 19 1 0 561 607
1615 643947.760 3455995.839 3 15 1 0 829 869
1616 636229.933 3454753.662 1 35 1 0 527 579
1617 640930.756 3466110.109 1 10 1 0 652 709
1618 651610.360 3453851.368 2 53 1 0 613 653
1619 628298.925 3447525.164 2 9 1 0 816 850
1620 650578.335 3461913.257 4 87 1 0 741 779
1621 640692.970 3456225.134 4 29 1 0 815 865
1622 635433.214 3456252.354 2 79 1 0 944 1003
1623 640210.469 3455198.574 4 17 1 0 707 755
1624 630897.121 3443553.812 3 2 1 0 720 750
1625 650249.975 3461292.597 4 19 1 0 568 602
1626 636891.801 3448622.417 2 43 1 0 783 826
1627 633032.857 3451979.725 3 99 1 0 837 887
1628 647951.207 3458295.717 3 77 1 0 636 683
1629 644006.617 3449510.139 3 44 1 0 881 927
1630 639972.735 3456408.003 3 23 1 0 755 799
1631 641913.237 3457230.854 2 31 1 0 621 669
1632 641927.229 3468421.762 2 21 1 0 608 660
1633 644918.532 3457325.726 2 82 1 0 625 669
1634 641157.908 3468138.047 2 23 1 0 822 860
1635 638089.128 3456017.413 4 71 1 0 967 1016
1636 644273.227 3451796.566 2 87 1 0 577 634
1637 637380.920 3467918.464 1 41 1 0 874 916
1638 650414.055 3460455.706 2 43 1 0 670 719
1639 640675.537 3455054.649 4 82 1 0 736 784
1640 634212.098 3442771.631 3 34 1 0 819 850
1641 641475.050 3459315.253 2 42 1 0 857 896
1642 638708.486 3455455.836 1 78 1 0 724 757
1643 630103.192 3439444.559 2 71 1 0 829 873
1644 626427.915 3445092.977 2 1 1 0 778 822
1645 636999.878 3452022.856 3 68 1 0 772 806
1646 637482.178 3451832.816 4 32 1 0 699 730
1647 653373.637 3462038.408 1 75 1 0 677 724
1648 641945.069 3460996.149 2 82 1 0 839 896
1649 635704.274 3453699.831 2 20 1 0 739 782
1650 640755.178 3456025.791 2 60 1 0 893 945
1651 633486.748 3444871.875 1 66 1 0 911 965
1652 641072.316 3455810.615 2 18 1 0 542 597
1653 640455.415 3454940.074 3 13 1 0 757 812
1654 648280.908 3457899.996 4 50 1 0 651 692
1655 644636.171 3460778.785 1 7 1 0 687 739
1656 638994.464 3459597.815 2 84 1 0 664 707
1657 649934.825 3469226.261 4 60 1 0 802 856
1658 646965.099 3447422.125 3 49 1 0 622 663
1659 642067.507 3459765.944 1 53 1 0 683 718
1660 639034.002 3451345.047 2 39 1 0 579 629
1661 633554.619 3445003.610 1 41 1 0 617 651
1662 655391.464 3450772.764 2 95 1 0 576 621
1663 640098.363 3454673.550 1 3 1 0 849 880
1664 642364.628 3452467.374 2 67 1 0 968 1009
1665 639763.441 3458218.338 4 74 1 0 635 666
1666 631316.690 3449225.182 1 6 1 0 585 624
1667 630664.267 3450591.282 2 6 1 0 671 706
1668 645216.890 3457037.271 4 81 1 0 539 582
1669 638916.649 3467222.696 2 86 1 0 886 918
1670 639587.867 3452503.360 2 33 1 0 704 749
1671 638395.843 3459605.312 1 3 1 0 796 854
1672 643214.433 3459804.609 1 49 1 0 931 971
1673 645064.881 3459903.133 3 94 1 0 831 871
1674 634722.803 3445576.599 3 77 1 0 625 672
1675 633006.295 3450150.948 2 92 1 0 776 807
1676 634491.883 3455886.134 4 48 1 0 716 770
1677 629302.364 3456929.692 4 30 1 0 554 592
1678 634131.842 3447004.883 4 35 1 0 546 587
1679 632447.481 3452480.466 4 59 1 0 805 861
1680 638132.775 3456472.223 3 72 1 0 658 690
1681 646309.774 3456940.776 2 3 1 0 644 676
1682 633090.767 3458127.910 3 96 1 0 884 921
1683 643193.174 3455050.101 1 28 1 0 661 695
1684 637133.102 3450684.989 4 28 1 0 692 740
1685 639112.654 3454410.262 1 48 1 0 507 544
1686 649674.877 3459652.109 1 70 1 0 611 649
1687 640514.807 3453216.290 3 78 1 0 742 782
1688 635107.414 3457152.779 3 27 1 0 642 686
1689 631836.443 3451599.002 3 76 1 0 948 983
1690 635677.728 3452421.485 3 12 1 0 960 997
1691 629272.098 3449962.083 2 20 1 0 920 969
1692 634744.722 3448009.673 2 63 1 0 740 787
1693 636152.272 3443335.351 1 78 1 0 542 590
1694 653936.517 3453396.195 1 43 1 0 912 949
1695 635655.186 3453914.766 3 93 1 0 820 861
1696 632080.651 3453499.787 1 87 1 0 927 958
1697 637659.231 3454237.181 4 40 1 0 796 839
1698 629437.295 3446207.217 3 48 1 0 785 819
1699 655635.930 3450580.032 2 61 1 0 815 864
1700 635999.244 3455709.186 3 18 1 0 665 718
1701 650038.595 3462201.960 1 4 1 0 784 824
1702 631130.293 3442109.375 4 94 1 0 819 850
1703 641882.961 3462900.848 4 28 1 0 605 654
1704 648101.142 3456808.008 3 16 1 0 919 953
1705 646758.127 3449686.652 1 45 1 0 914 953
1706 647107.622 3465155.537 2 81 1 0 786 828
1707 637565.393 3454582.405 4 80 1 0 590 643
1708 645597.751 3455329.461 4 58 1 0 783 831
1709 640331.393 3465459.193 1 98 1 0 552 582
1710 650172.254 3463027.714 4 27 1 0 773 819
1711 641258.392 3454023.085 3 92 1 0 592 626
1712 641396.958 3455776.477 3 66 1 0 511 541
1713 653751.987 3449486.015 1 89 1 0 607 645
1714 636079.565 3446922.029 4 44 1 0 573 610
1715 635270.155 3452208.377 1 76 1 0 552 611
1716 640483.946 3457758.299 4 81 1 0 750 785
1717 635139.588 3454647.222 3 98 1 0 730 781
1718 641160.488 3459099.298 4 50 1 0 633 674
1719 645724.149 3456713.219 2 57 1 0 859 908
1720 644750.051 3455868.260 3 43 1 0 524 577
1721 639327.201 3454697.961 2 66 1 0 717 756
1722 650363.557 3468820.482 2 82 1 0 628 667
1723 641831.074 3459643.414 1 35 1 0 541 584
1724 639756.861 3454480.386 1 17 1 0 746 804
1725 640834.925 3456246.281 4 65 1 0 558 599
1726 630998.524 3457770.590 3 38 1 0 729 776
1727 639838.087 3460313.469 1 40 1 0 789 830
1728 635968.581 3455266.106 2 25 1 0 800 836
1729 643657.901 3457115.953 2 94 1 0 779 814
1730 634553.083 3450316.849 3 80 1 0 612 651
1731 638300.322 3467853.568 3 44 1 0 875 924
1732 635277.840 3445672.229 1 15 1 0 558 607
1733 645724.508 3460266.426 2 44 1 0 902 934
1734 653422.490 3465480.845 3 59 1 0 607 654
1735 643388.670 3458910.032 2 7 1 0 809 861
1736 642485.541 3453558.426 4 77 1 0 727 764
1737 636646.478 3452226.136 1 64 1 0 530 571
1738 636858.711 3451936.334 1 94 1 0 804 851
1739 634650.784 3452254.335 2 72 1 0 709 762
1740 641071.924 3457073.254 1 25 1 0 967 1003
1741 641222.293 3453014.029 3 73 1 0 944 1000
1742 634291.873 3456006.760 2 79 1 0 535 574
1743 645605.721 3456188.033 2 50 1 0 649 708
1744 638138.939 3456002.669 2 86 1 0 928 965
1745 635518.757 3454232.510 1 34 1 0 902 952
1746 638165.480 3450952.531 4 36 1 0 876 930
1747 640696.342 3456467.699 1 6 1 0 911 952
1748 637343.543 3457131.697 2 72 1 0 753 796
1749 635322.510 3445803.680 3 75 1 0 702 754
1750 635246.396 3449417.265 1 31 1 0 562 596
1751 633108.609 3451745.871 2 71 1 0 589 626
1752 630108.215 3458360.035 4 3 1 0 875 929
1753 644738.737 3457411.791 4 60 1 0 855 903
1754 643263.178 3458411.725 4 83 1 0 570 613
1755 637872.216 3456414.913 1 35 1 0 877 914
1756 647624.198 3452605.200 2 49 1 0 768 800
1757 642222.458 3458578.525 4 25 1 0 624 680
1758 637207.886 3457895.969 3 71 1 0 884 940
1759 630957.645 3456803.894 3 26 1 0 589 646
1760 629050.875 3447484.291 2 5 1 0 928 964
1761 646245.948 3452724.564 4 38 1 0 525 568
1762 633544.180 3449491.808 1 32 1 0 667 724
1763 638554.566 3457597.969 2 15 1 0 852 886
1764 638753.780 3457288.787 1 98 1 0 512 566
1765 631882.715 3451603.430 2 12 1 0 577 618
1766 637004.985 3466092.723 3 52 1 0 654 685
1767 639550.863 3462519.278 4 19 1 0 682 739
1768 637680.761 3454614.709 4 2 1 0 950 990
1769 630967.401 3444563.193 2 72 1 0 688 747
1770 638344.126 3455743.600 1 63 1 0 952 1001
1771 645404.053 3462633.361 4 5 1 0 795 827
1772 644017.165 3460346.824 2 5 1 0 559 606
1773 636279.849 3462129.855 2 97 1 0 761 793
1774 641143.171 3456200.367 3 64 1 0 680 712
1775 639277.435 3454208.418 4 45 1 0 652 703
1776 636159.349 3460969.602 3 20 1 0 809 850
1777 634667.859 3446769.198 4 85 1 0 684 715
1778 647243.961 3460618.681 2 13 1 0 548 594
1779 645784.798 3457110.570 3 5 1 0 830 864
1780 646403.823 3459213.369 1 20 1 0 590 642
1781 650729.572 3457361.202 2 44 1 0 682 720
1782 638045.296 3464385.633 3 53 1 0 704 749
1783 638781.623 3455930.286 1 62 1 0 795 851
1784 641279.234 3455428.439 1 3 1 0 635 670
1785 635974.188 3445592.636 1 33 1 0 934 980
1786 635318.258 3451554.597 4 76 1 0 709 749
1787 642770.562 3455475.510 4 53 1 0 902 955
1788 649182.456 3459163.896 4 73 1 0 886 922
1789 628545.880 3447905.396 2 47 1 0 652 692
1790 639514.325 3460790.355 4 39 1 0 612 648
1791 637565.745 3454555.463 4 95 1 0 882 927
1792 634397.386 3442004.120 3 33 1 0 594 644
1793 647058.084 3457832.779 1 39 1 0 675 729
1794 643270.291 3463223.810 4 80 1 0 544 580
1795 630054.383 3446103.171 3 20 1 0 575 619
1796 629990.488 3456915.077 4 7 1 0 608 654
1797 637115.833 3452520.941 3 93 1 0 533 570
1798 643537.588 3457206.701 2 24 1 0 567 613
1799 638720.174 3455071.043 2 74 1 0 744 779
1800 642289.675 3445510.306 3 98 1 0 650 692
1801 631705.707 3443244.366 4 78 1 0 645 683
1802 639440.977 3452101.070 4 33 1 0 530 588
1803 637827.393 3453269.319 2 39 1 0 914 951
1804 630813.877 3451336.054 4 35 1 0 781 814
1805 648885.126 3445558.873 1 50 1 0 592 628
1806 641438.634 3457351.496 2 22 1 0 891 943
1807 642684.051 3453803.635 1 64 1 0 769 815
1808 645535.966 3456926.193 3 62 1 0 600 634
1809 643576.072 3454142.971 3 84 1 0 872 916
1810 637801.311 3465094.585 1 55 1 0 707 756
1811 639296.104 3455047.853 1 24 1 0 933 983
1812 639600.430 3458539.532 4 19 1 0 888 931
1813 635632.668 3454892.227 4 63 1 0 861 908
1814 634513.154 3455774.773 2 71 1 0 920 973
1815 641313.335 3457076.495 1 48 1 0 645 690
1816 633401.029 3445890.864 4 99 1 0 590 624
1817 632181.127 3450236.805 2 26 1 0 879 919
1818 640077.209 3456759.699 2 52 1 0 796 855
1819 647430.538 3457453.029 4 42 1 0 728 772
1820 653912.402 3453461.288 2 85 1 0 643 684
1821 646088.437 3463817.008 2 6 1 0 666 714
1822 644932.098 3453938.272 1 34 1 0 594 634
1823 645743.345 3462006.724 1 30 1 0 840 886
1824 653805.814 3453282.642 2 20 1 0 730 787
1825 639736.655 3460481.498 2 89 1 0 614 669
1826 640027.907 3454995.970 1 2 1 0 830 873
1827 645778.484 3461857.076 2 8 1 0 770 825
1828 646426.400 3466601.183 4 10 1 0 653 687
1829 638547.857 3463872.572 1 81 1 0 680 719
1830 640315.720 3452513.028 2 8 1 0 829 861
1831 637127.330 3450365.412 4 67 1 0 896 943
1832 643347.155 3458801.678 4 86 1 0 870 927
1833 630840.048 3458280.582 2 97 1 0 706 741
1834 643710.877 3458564.120 1 86 1 0 733 774
1835 636001.903 3454735.315 2 81 1 0 773 822
1836 637840.805 3460575.788 1 63 1 0 934 979
1837 633027.912 3443969.197 3 47 1 0 554 605
1838 634655.501 3457058.447 3 81 1 0 650 700
1839 655728.856 3457722.770 3 82 1 0 814 848
1840 635972.759 3455454.782 3 32 1 0 853 904
1841 645947.259 3462321.378 3 73 1 0 864 905
1842 638101.496 3460363.640 2 37 1 0 680 730
1843 656408.970 3460031.214 3 69 1 0 644 677
1844 636075.752 3448758.137 3 33 1 0 784 823
1845 644555.581 3456539.264 4 51 1 0 898 947
1846 640527.631 3454486.796 3 62 1 0 943 999
1847 640748.782 3456256.677 2 9 1 0 873 923
1848 629083.830 3445871.854 2 54 1 0 810 850
1849 641674.916 3454787.037 2 48 1 0 549 581
1850 651705.580 3468782.085 4 46 1 0 825 865
1851 640489.365 3454875.085 2 7 1 0 850 882
1852 637658.984 3450457.027 3 79 1 0 946 993
1853 635542.235 3454721.688 2 12 1 0 514 545
1854 643412.018 3455984.674 2 74 1 0 796 836
1855 631182.927 3449335.147 3 33 1 0 874 925
1856 633053.435 3440624.473 4 55 1 0 564 603
1857 640033.054 3452867.270 1 46 1 0 589 638
1858 636675.584 3449470.333 2 17 1 0 882 939
1859 628805.539 3451850.219 2 48 1 0 852 903
1860 641731.314 3456985.880 2 43 1 0 517 568
1861 638961.857 3452298.762 3 32 1 0 952 991
1862 627178.104 3444936.466 1 93 1 0 769 825
1863 645553.340 3460210.159 1 83 1 0 592 642
1864 636482.132 3468938.387 4 76 1 0 908 947
1865 643016.676 3450016.355 2 38 1 0 521 579
1866 642604.351 3455534.849 4 60 1 0 743 791
1867 636368.753 3453997.121 2 6 1 0 801 856
1868 638872.274 3452316.828 1 13 1 0 824 875
1869 633155.480 3440675.798 2 47 1 0 648 707
1870 635974.384 3458399.622 4 87 1 0 881 930
1871 638863.860 3456466.450 1 35 1 0 834 875
1872 640304.463 3455592.476 3 10 1 0 625 666
1873 652202.507 3458206.259 1 88 1 0 833 866
1874 632481.003 3453235.360 3 54 1 0 642 697
1875 642141.548 3453549.928 4 37 1 0 790 830
1876 641140.384 3460103.759 1 90 1 0 595 630
1877 639278.401 3454385.507 3 16 1 0 596 630
1878 632603.282 3456135.471 4 67 1 0 603 651
1879 640728.894 3457495.956 1 93 1 0 641 687
1880 636760.847 3452847.377 4 90 1 0 632 681
1881 642081.205 3448205.991 4 97 1 0 889 919
1882 633691.903 3456626.572 1 8 1 0 705 736
1883 642718.849 3456849.099 3 82 1 0 529 578
1884 645314.505 3460264.597 2 44 1 0 893 926
1885 645084.134 3454910.462 1 48 1 0 938 971
1886 641201.156 3457055.741 2 3 1 0 697 739
1887 634494.994 3455901.571 3 96 1 0 734 782
1888 631981.479 3457186.229 3 97 1 0 693 738
1889 642505.595 3453054.409 3 37 1 0 797 854
1890 652198.997 3461416.903 2 79 1 0 849 902
1891 647539.232 3451110.357 3 8 1 0 687 743
1892 635840.228 3448797.445 2 89 1 0 590 622
1893 641531.546 3457083.278 2 81 1 0 609 645
1894 635764.704 3458246.784 4 45 1 0 597 636
1895 649481.050 3457235.592 2 29 1 0 909 954
1896 635965.034 3449130.101 3 20 1 0 571 610
1897 644658.920 3453110.707 3 84 1 0 554 603
1898 632943.723 3457987.472 4 60 1 0 826 869
1899 636832.231 3454738.376 2 58 1 0 849 904
1900 644112.007 3459458.867 2 53 1 0 903 943
1901 650381.403 3457652.645 1 74 1 0 609 643
1902 645870.217 3463582.993 1 8 1 0 700 756
1903 630043.563 3456099.674 4 50 1 0 540 572
1904 634247.161 3456918.499 2 61 1 0 918 975
1905 638746.289 3455348.549 1 79 1 0 820 872
1906 638637.725 3466325.909 3 85 1 0 691 740
1907 644286.240 3452054.665 3 48 1 0 544 574
1908 634807.315 3460694.251 1 33 1 0 704 760
1909 650091.238 3456893.959 3 51 1 0 869 910
1910 636499.500 3461763.158 4 79 1 0 823 872
1911 633706.363 3454186.243 2 74 1 0 597 648
1912 645888.873 3455329.642 2 96 1 0 542 592
1913 641417.468 3456219.448 1 17 1 0 733 776
1914 644190.965 3452245.839 4 56 1 0 764 807
1915 639565.952 3457399.620 3 37 1 0 842 879
1916 628400.780 3445682.612 3 98 1 0 566 607
1917 642573.704 3448751.565 2 65 1 0 792 831
1918 642960.014 3450777.792 3 54 1 0 695 733
1919 642314.488 3455442.386 1 91 1 0 601 658
1920 633907.939 3457064.301 3 45 1 0 604 659
1921 635002.726 3461439.703 1 9 1 0 629 679
1922 636916.815 3452048.722 1 97 1 0 769 818
1923 641657.391 3464672.456 4 29 1 0 715 772
1924 642954.398 3458257.389 1 42 1 0 612 656
1925 640972.627 3457818.732 1 12 1 0 760 816
1926 651247.064 3454034.779 3 67 1 0 623 662
1927 650971.631 3462153.739 2 97 1 0 883 937
1928 643519.922 3452921.897 3 47 1 0 797 827
1929 653051.341 3459877.830 1 52 1 0 620 678
1930 635852.948 3454229.118 3 71 1 0 721 761
1931 638734.187 3459274.867 2 60 1 0 877 930
1932 636196.151 3458895.222 4 41 1 0 632 679
1933 644531.090 3464807.896 4 21 1 0 668 717
1934 627506.537 3448173.782 3 69 1 0 913 969
1935 640738.896 3458231.350 1 95 1 0 709 759
1936 650814.511 3460892.616 3 66 1 0 886 919
1937 633426.279 3453836.246 1 68 1 0 951 1000
1938 640116.050 3454338.879 3 3 1 0 836 871
1939 633319.053 3459424.201 2 42 1 0 632 685
1940 629411.985 3450699.013 1 35 1 0 811 869
1941 640368.361 3455266.120 2 71 1 0 577 616
1942 630382.447 3453574.859 4 17 1 0 733 788
1943 632146.159 3453288.894 4 27 1 0 581 614
1944 645687.348 3459607.624 2 23 1 0 614 663
1945 641924.786 3457600.566 1 42 1 0 768 813
1946 653675.102 3463578.886 4 46 1 0 577 611
1947 637873.924 3453758.808 2 93 1 0 929 962
1948 639224.449 3455963.082 1 94 1 0 953 1010
1949 641723.718 3452389.442 1 17 1 0 659 701
1950 640661.328 3457849.209 2 35 1 0 760 808
1951 638449.907 3456503.338 4 93 1 0 537 576
1952 640639.062 3459019.168 1 71 1 0 716 772
1953 639895.187 3453531.399 2 50 1 0 986 1029
1954 646896.250 3455921.098 3 22 1 0 680 736
1955 632632.267 3449364.821 3 31 1 0 921 959
1956 640820.810 3456065.164 1 41 1 0 745 776
1957 631106.778 3442136.029 1 25 1 0 703 736
1958 636982.657 3453092.773 1 69 1 0 650 700
1959 646397.125 3462778.051 2 83 1 0 674 712
1960 641676.650 3456869.657 3 72 1 0 784 819
1961 651457.639 3469248.172 1 35 1 0 663 710
1962 641260.188 3459554.884 2 62 1 0 805 862
1963 641292.991 3459574.573 1 8 1 0 593 649
1964 655023.835 3451013.737 1 33 1 0 841 888
1965 636748.373 3456099.989 4 1 1 0 799 832
1966 631473.170 3443834.261 2 8 1 0 760 813
1967 638277.371 3455788.917 1 6 1 0 846 880
1968 638047.772 3467711.655 2 71 1 0 706 745
1969 640326.186 3456940.095 4 78 1 0 539 586
1970 649823.119 3469182.316 2 86 1 0 845 881
1971 633628.284 3453299.895 4 75 1 0 537 583
1972 646421.087 3465561.695 4 44 1 0 610 640
1973 645238.153 3454057.977 3 50 1 0 589 637
1974 655316.233 3457889.909 4 6 1 0 862 904
1975 647129.222 3460547.780 1 15 1 0 684 736
1976 636533.750 3446874.002 2 4 1 0 785 844
1977 650581.330 3469990.093 1 18 1 0 769 800
1978 634478.205 3453072.050 3 86 1 0 777 833
1979 641439.709 3454318.082 2 2 1 0 554 592
1980 638142.751 3451171.652 2 4 1 0 502 542
1981 637015.558 3454887.040 2 81 1 0 635 682
1982 650201.792 3469041.448 2 63 1 0 847 886
1983 646573.321 3461760.350 2 48 1 0 645 675
1984 631633.800 3464869.093 2 3 1 0 868 903
1985 641084.076 3457893.367 1 47 1 0 609 667
1986 650262.531 3468722.788 3 53 1 0 867 909
1987 636996.718 3456080.123 2 46 1 0 724 755
1988 632227.168 3441534.093 2 42 1 0 660 703
1989 634534.834 3444996.801 4 68 1 0 703 741
1990 632679.841 3449792.696 3 43 1 0 628 687
1991 631753.871 3457930.153 4 37 1 0 748 778
1992 634347.624 3455526.297 1 87 1 0 579 626
1993 641231.897 3457968.493 1 78 1 0 954 1001
1994 645223.738 3461807.043 4 91 1 0 721 765
1995 630938.403 3451168.231 3 99 1 0 777 817
1996 637824.036 3457315.058 2 68 1 0 651 704
1997 637691.873 3459072.536 1 30 1 0 795 852
1998 631005.299 3443108.636 4 31 1 0 912 964
1999 643235.442 3457048.599 1 48 1 0 617 671
2000 636319.004 3452984.079 1 44 1 0 512 547
2001 642085.731 3461841.107 0 0 0 0 480 1000
2002 638781.057 3453212.551 0 0 0 0 480 1000
