total_number_routes=173
total_route_len=5260810.529
#rnum #length #load #depot-#customers-#customers-...-#customers-#depot
1 16956.772 1311 6001-115-4330-1266-3063-3468-5525-719-3823-4215-4934-2505-4534-645-3658-4175-3231-3333-2364-4238-5737-1909-5320-698--6001
2 30030.173 1395 6001-325-529-2701-586-3862-2683-2661-3744-807-1660-213-2032-1594-5046-3369-1369-2744-1532-1620-533-2266-1496-1843-1615-3894-5091-1046-437-570-2778-1921--6001
3 32715.510 1820 6001-834-5798-3806-3696-1081-2642-219-5026-4178-1104-1767-3443-13-895-2732-3136-652-5423-4005-2422-5058-832-1487-4453-2079-2381-3394-5300-1194-4993-809-2268-1455-3130-4958-1449-4738-2952-1181--6001
4 24804.538 1984 6001-891-5545-4389-24-2488-3191-3575-1782-2924-1919-4329-4066-5479-3753-1802-5214-4783-5127-2861-2031-777-2457-476-1132-1739-2632-3517-5569-790-4378-5507-5509-5702--6001
5 23889.711 1858 6001-1113-4372-952-1391-1933-4648-532-2928-810-602-4220-5048-1923-2267-3923-4289-4-4730-3566-4643-2042-1869-3919-1698-1432-896-5459-3594--6001
6 45504.918 1215 6001-1358-5193-4861-681-1829-5746-1582-1320-5520-5670-5961-1244-5317-3067-2904-1884-885-920-3680-4044-3384-5527-2883-4733--6001
7 30852.396 1970 6001-1664-2759-1967-1439-5037-179-2940-1554-4071-3253-5045-4216-1758-2300-2562-4809-4322-4024-4991-1553-5416-3166-3081-2342-4969-3079-3248-5089-4562-650-3712-820-3238-152-781-2017-5133-811--6001
8 66264.069 1996 6001-1773-3088-3506-3937-866-2283-1027-1913-5802-2477-4750-4739-93-274-2754-3318-1174-5837-1700-1437-5269-4341-2466-1832-4317-1585-3660-4967-5907-4757-1120-963-3808-641-1613-1750-49-361-4046-2567-5312--6001
9 27493.068 1524 6001-1836-4872-400-3554-2371-3257-129-2132-4691-5686-1544-4873-5989-2851-502-948-1899-547-5671-2324-1727-1329-1287-4556-4227-386-5606-2213-5568-3788-3167-5643-1571-1563-2480--6001
10 41917.764 1320 6001-1918-4806-4779-548-220-3824-341-651-4661-3574-1246-4103-5803-560-2361-512-52-1597-4328-1974-737-3908-1322-1161-1129-1149-4668-1155--6001
11 48631.714 1372 6001-1983-803-5289-236-2093-119-3465-5152-2440-3779-4456-2272-1984-251-5804-2198-1411-5926-5954-4099-2948-124-1414-3581-3675-1769--6001
12 51399.584 1754 6001-2089-3768-3350-769-5867-5957-221-5170-1964-3412-5906-3072-5311-3883-4246-172-524-2105-969-3272-4519-1831-951-3632-4078-1573-5601-739-2597-3871-2517-5357-5226-5285-5153-1511-5279-5718--6001
13 29191.555 1997 6001-2096-3944-4974-5014-4636-3056-618-1037-329-3399-3112-4011-5642-1079-5029-2307-5714-2831-3927-987-316-691-5615-3459-2018-301-2544-953-5111-5122-46-5501-1982-5559-4373-566-4274-1366-626-3891--6001
14 34745.424 1910 6001-2261-2748-4195-21-99-4073-3469-5365-2086-307-3775-1126-153-5343-4860-1260-314-5093-4825-5777-5284-1207-1254-465-5139-5920-4902-1941-1064-886-3757-2194-620-5578-912-1543--6001
15 32841.262 1467 6001-2375-3372-1671-3137-922-5836-1209-744-3945-1364-2103-1014-4706-1427-736-3076-1743-1559-2427-964-4401-148-5489-5406-4769-3281-340-4104-3405-4865--6001
16 55850.661 1665 6001-2674-3875-3501-1372-2001-4471-3425-5667-2241-5541-183-1484-1857-4346-1713-5434-2847-3786-421-5401-4293-3100-3104-519-211-1976-3606-789-5069-2820-2453-627-3644-3057-5244-2839-1592-4884-4159-3094--6001
17 49910.137 1616 6001-2729-4197-2257-415-86-4316-5316-5215-5571-561-1652-5260-4279-4992-3881-4774-101-2091-2609-269-5888-1173-5972-1457-4352-5013-5493-5595-5483-2864-2932-4770-1673-1317--6001
18 38963.227 1989 6001-2944-3059-3819-4879-2957-4947-873-3485-4236-2365-5662-3829-149-5577-3792-5898-2015-2113-986-5759-801-5784-495-3428-320-3061-3423-835-5212-3000-3812-4427-306-4966-5344-3276--6001
19 50938.511 1657 6001-3017-3985-1943-5195-954-5869-2926-5693-3307-4576-4280-4920-2874-85-4796-1147-4231-4634-4125-1608-4325-4812-1617-5061-827-2451-1824-4713-3199-1924-5556--6001
20 23917.315 1837 6001-3110-3178-5573-715-5904-1684-4751-4843-1937-288-1097-3549-3125-418-5927-3679-4268-4009-390-2799-5647-3599-1283-3396-4393-2583-3940-1009-1215-4185-1931-2553--6001
21 31843.585 1951 6001-3185-4693-621-3247-4235-4477-3605-4075-18-137-5363-2598-5793-4359-3897-4004-504-1189-1674-16-1778-4949-5604-4793-5943-4646-1267-3243-5991-2493-1856-4051-2066-2959-3646-2691--6001
22 36463.040 1890 6001-3345-2077-5262-5717-3106-5172-5409-2571-876-4800-3348-894-492-2293-674-2059-2285-2577-3994-965-4438-2171-3820-2525-185-3521-3671-4528-5094-2092-141-1863-5304-5272-5876-1353-4550-2559--6001
23 45776.654 1811 6001-4145-162-2764-2965-4830-5912-1944-2434-5893-4760-4012-5531-1404-4616-2705-3051-989-1504-4513-234-5140-5729-5963-1121-4208-883-113-4363-1756-5521-1073-1435-1474-1318-684-2788-2686--6001
24 45196.188 1945 6001-4275-4747-2095-4705-1521-3717-2057-2534-644-2237-336-5612-5732-4538-1054-5339-3269-5860-3034-5754-167-4743-391-1436-1276-4881-5585-5022-5948-919-374-1249-160-291-4822--6001
25 32398.353 1991 6001-4396-2626-3179-3270-3929-5862-4416-1935-348-5403-2986-381-4617-3435-1354-70-84-643-5639-2876-5307-3454-3226-1168-4849-5443-5955-1392-690-2546-564-4866-268-145-3065-584-1302-718-1388-4294-2016--6001
26 41224.692 1788 6001-4621-5146-1545-406-4211-197-327-3915-3797-2978-5599-4939-750-1776-3075-2670-5376-3143-4285-4587-3588-1989-5757-237-933-3411-784-5229-3741-2545-869-544-450-4091-4815-3146-5885-3422--6001
27 34298.783 1965 6001-4736-4765-680-4179-4092-1788-3265-34-3642-5883-2800-4937-1764-1230-1400-662-3751-3299-2009-554-4332-3195-4163-840-3952-865-3408-5-3718-4547-5051-4083--6001
28 32337.094 1667 6001-4844-4594-2634-5621-1612-5956-1010-3939-5117-131-5306-334-5861-273-5616-2201-1111-1382-1771-3547-4164-1304-392-2232-2137-5846-4735-1575-4086-3920--6001
29 33640.483 1213 6001-4989-4436-5377-94-3922-3959-3290-5247-1491-2991-1915-3042-229-4568-4658-5132-2240-4226-3630-3859-1867-214--6001
30 13050.466 710 6001-5059-2760-3439-3662-2068-2325-3841-553-4467-4010-2854-5958--6001
31 21793.790 1431 6001-5090-4466-3659-5135-1648-5564-3163-3419-711-4891-4723-3449-416-658-859-751-4533-5923-2702-623-5333-2725-2069-5684-1499--6001
32 39569.322 1832 6001-5281-266-413-1460-2111-2491-187-4910-5799-3114-430-2075-527-3048-2630-3614-1241-3331-3706-5574-4368-178-2779-1666-3377-4652-1295-3813-5134-5448-2287-3782-710-970-977--6001
33 34818.219 940 6001-5314-2638-2351-5774-4527-2767-5809-2389-4681-5637-1196-1709-2841-632-438-2429-1854-5471-1881-5077-3091-5400--6001
34 37260.909 1781 6001-5326-763-4852-5733-2436-1169-938-1447-1031-981-1331-333-893-3473-1264-414-3446-760-5283-3118-1451-2984-4028-3598-3277-5188-917-1077--6001
35 35292.126 1674 6001-5387-5080-5068-4918-1060-146-5267-5796-2363-4692-990-3886-3214-1995-3840-1963-4387-4586-656-2745-4013-490-2247-4362-2184-4167-3803-767-1926-2231-3592--6001
36 22848.721 1818 6001-5418-5666-3410-4172-2894-1202-5456-407-3495-2752-579-3988-2366-4242-1999-3212-1873-2373-1052-1109-3537-5724-3983-4314-5288-772-4069-4833-3817-5361-1383--6001
37 50190.298 1923 6001-5866-3153-5655-3122-2314-4749-1478-2085-1699-1688-2431-3810-2789-4340-2895-4199-514-3033-2795-2295-1443-3593-2060-10-1855-5533-2238-5250-1130-313-4542-3354-612-1015-842-2459-729--6001
38 33546.171 1977 6002-6-1450-2796-4623-2357-1162-2623-5875-2401-1197-4442-5464-2203-4752-1043-206-1746-2372-4299-5710-5278-1622-5130-2322-833-1195-4746-79-5156-5496-5373-2352-1453-5929-4717-376-2211-1160--6002
39 47824.393 1434 6002-17-695-1987-2612-1038-5687-3310-4182-2673-1715-516-4194-2755-2849-1795-1032-2708-766-5118-3509-5322-2236-3914-1512-4089-250-3705-4464--6002
40 11202.395 885 6002-56-5975-1904-5452-2620-5497-4557-3750-2680-4887-4419-1883-3424-1337-3102-5516-3031-1412-4429-2566--6002
41 38277.403 1808 6002-290-1972-3845-2591-98-5870-1454-3935-5603-3471-2719-603-4388-1325-5567-5547-3336-2830-5375-58-5839-4944-3918-5532-395-870-3958-5358-2678-1812-3467-1505-5473-3165-3968-1020-2645-3044--6002
42 19801.203 1483 6002-332-4835-5145-480-2548-3807-2524-3320-1472-1492-4085-2489-277-567-4846-5565-1166-5822-3325-541-5036-2586-5081-4459-3301-685-1655-1152-3180-1034--6002
43 23911.815 1943 6002-347-3478-4077-4798-4255-4855-1850-2843-5498-285-5535-3746-4603-988-2327-1301-3332-4778-655-3154-7-2880-4402-4430-4913-2627-4117-1874-3590-3700-1562-1567-78-5062-2827-1711--6002
44 32540.612 1998 6002-498-1516-370-4228-3284-4703-1115-3380-1334-2146-5472-2083-976-5458-5164-2742-349-2593-3142-1953-4181-3563-796-1222-3116-2259-5282-3576-3379-5613-3391-3211-5180-2114-4579--6002
45 67952.001 1998 6002-563-5185-4149-2668-3220-5624-5763-5104-5319-5087-3150-520-4405-5115-1422-5626-3207-3005-1632-281-3760-3433-3800-151-4968-2916-5187-2563-2993-2492-4152-270-723-1718-3175-783-5865-209-442-117-3913-5236-3482-2925-3734-5167-2410-3752--6002
46 20397.153 1779 6002-572-4782-2746-5055-3759-12-2836-1975-263-3503-5973-3772-1536-1667-2994-411-3409-2110-3448-5417-3778-5827-4106-4074-4874-2341-4312-2964-352-4364-1068-1231-972-1240-3769--6002
47 29507.819 1780 6002-595-2541-3133-339-3613-1431-2503-4488-2209-3368-459-1390-2158-4015-2723-3020-3586-5685-5085-709-5645-198-757-4016-3685-2530-2921-5872-4183-764-2814-928-4156-88--6002
48 23684.488 1991 6002-786-2688-1396-1368-5060-4302-2163-3839-1679-190-3447-218-817-5680-5264-704-5419-2858-155-5294-2835-506-1658-2889-1272-1370-5240-1278-713-1539-3352-4714-5871-4698-2157-1282--6002
49 16232.156 1508 6002-1274-4420-1012-1183-5113-2376-1798-3926-5921-2333-3870-5032-661-2996-5994-2697-2304-3742-4649-3738-2284-1399-2470-5445-5299-5411-5510-2531-5148-3430-2360-1328-4067-36--6002
50 27396.697 1980 6002-1701-3834-596-5818-5342-4985-68-5243-4463-5083-3502-3162-2396-4210-2865-1723-4625-5159-4484-3312-5275-3292-3365-37-5699-2133-424-725-1891-3194-2648-4133-4301-5301-3401-3794-2595-2037-2390-3947--6002
51 32694.658 1863 6002-1865-322-4766-537-105-4143-4584-4878-773-4848-3431-3787-1546-4523-3603-1730-5630-5211-4763-808-2178-959-5641-1793-5581-5978-1049-2644-2834-539--6002
52 34984.742 1963 6002-1876-5239-5044-3609-5628-4250-3527-74-5730-3864-1420-292-3362-1394-665-233-742-369-1514-3901-722-3274-3962-5399-494-3500-3329-3463-2558-5753-1547-378-2270-5539-3239-4563-2939-1744-2793-1314-3558--6002
53 20633.050 1536 6002-1986-2656-4795-2386-3349-2297-1842-432-4343-4670-2550-298-2255-5676-4290-1175-4535-38-2062-3073-3340-583-5736-2561-858-2911-4826-484-4375-1607-3520-5506-4022-997-2704--6002
54 21608.484 1887 6002-2061-5049-372-5447-39-4804-3187-2142-1725-2547-1475-3126-5070-2020-3963-5696-2522-2125-4306-4137-5823-2131-4890-2432-5015-478-5197-5097-5825-2997-1468-1799-5801-1023-42--6002
55 27761.769 1983 6002-2063-1200-4213-2935-282-3358-1461-4942-1344-3743-998-5821-4819-4272-608-54-1387-121-3516-5144-2409-3652-3709-2253-3942-4786-1467-2438-4021-5095-5526-4659-2420-4740-3933-4112-1577-2399-4223-687-2088-1410-1018--6002
56 20412.457 1937 6002-2143-2557-2988-966-5557-754-1925-4136-4512-4589-2614-1537-4651-5709-5546-1145-795-5169-800-5946-2816-5237-1522-853-2374-2579-2621-2801-2720-299-804-1259-4098-3532--6002
57 23710.804 1927 6002-2305-4929-5141-15-3124-4896-2677-5370-192-1094-5223-2797-5000-588-4169-5171-1861-3327-1268-267-4859-3397-2348-1951-2733-4906-3604-2484-2189-1510-1753-5385-1903-328-3038-4385-4597-5951-3729-3289-408--6002
58 35724.916 1999 6002-2339-4122-1107-1333-351-283-1792-3585-5938-1150-714-5882-5125-944-2615-5570-107-1134-1033-3624-1830-4358-1309-4244-1071-5382-3002-3193-1063-4522-3669-4361-606-677-2832-4745-5488-4190-511-3989-2685-8--6002
59 22027.718 1410 6002-2356-5550-2448-868-3462-170-1624-4234-4604-1502-1421-323-3217-4492-5896-2713-1980-5584-1401-405-2640-4412-2478-1896-2072-2585-3445-4315-5402--6002
60 37786.504 1942 6002-2437-956-1965-3749-264-1153-2898-2353-3032-5231-4105-5586-4834-2224-1787-3534-546-4335-5925-4140-4476-278-3084-4433-3494-199-2707-5692-5248-1349-2128-4423-4431-1065-3427-3444-592-4171-5340-4776-396-5814-1825--6002
61 40283.794 1939 6002-2663-1347-4381-5704-4138-3565-4864-2258-4606-5020-3587-5353-637-363-2741-4124-4977-362-3016-2413-1929-4787-528-5261-1172-696-5364-184-4257-5758-3353-4065-3631-4087-530-1159--6002
62 19474.571 1826 6002-2887-5147-2821-1476-640-2202-562-4951-5421-4677-2728-3359-2391-536-4142-3756-1540-1205-5596-571-1834-1712-580-2425-2271-255-1348-1016-2024-4851-4921-5076-231-5433-5056-1609-1866-4802-2067--6002
63 19061.758 1981 6002-2908-4320-1397-4903-2034-3215-5817-4403-2979-5255-5495-3531-2370-2078-741-1310-4240-747-1708-2234-223-1281-771-4148-4214-3250-753-2523-5128-4853-1780-3141-3877-3767--6002
64 45490.069 1975 6002-2938-2573-5298-2188-3704-4475-2471-968-957-142-2643-3683-3392-2336-2328-1988-4018-207-177-3228-1271-4311-4321-77-5788-488-635-1143-5982-2569-2421-5646-5360-5105-4218-4472-2317-1662-5346-5173--6002
65 9620.618 884 6002-3097-3442-2251-5021-5594-470-1720-3619-2277-1389-2424-788-4023--6002
66 30476.055 1758 6002-3176-3282-4785-2743-5291-2871-5325-3232-1599-5820-5833-3510-3218-838-2527-1221-3795-1102-2937-1434-4034-3098-5182-5708-5039-3522-253-2856-3082-1356-4885-3831-2233-2121--6002
67 44723.319 1994 6002-3291-4880-5427-2828-397-1955-1286-1596-908-1737-4684-3203-1091-14-3809-3035-663-33-5625-2703-1250-3009-4719-1219-1642-915-1973-3627-3492-2624-2156-4669-2592-5800-2987-5227-5393-5263-1498-2775-5412-1998-204-3707--6002
68 26312.773 1969 6002-3426-5099-4635-1934-5219-733-1154-1138-573-3305-4276-1978-3287-3374-4365-2398-1070-5815-4608-2382-180-1682-1840-926-3982-2941-1185-657-3507-864-3029-4100-2050-161-565-19-4406-4870-4135-429-4978--6002
69 25077.637 1836 6002-3437-2817-296-1534-3987-830-910-5368-5884-3888-1981-1745-1098-4283-4775-4537-1858-4461-2603-5890-483-4079-4327-755-4748-3317-3386-1106-4976-4318-2977-3911-631-5868--6002
70 19951.330 1925 6002-3488-23-5787-4627-261-4270-3089-3956-2540-3977-1006-1949-1483-3151-3761-5002-1486-2082-828-2516-1997-2823-3008-4041-3569-3636-5770-4119-342-433-1920--6002
71 45943.573 1926 6002-3519-5761-482-902-271-3337-3123-5517-5392-4940-4901-3567-3513-4267-5786-2435-3183-778-5683-5163-5768-730-646-367-287-4671-3216-3356-4583-1519-1330-3458-1201-3161-1489-4813-5257-2596-272-3304-1506--6002
72 17387.192 1064 6002-3846-1614-5664-5482-4110-5830-5468-5665-4060-5466-5713-1299-2811-4061-4508-1417-106-575-3535-2646-200-5518-280-2220--6002
73 56432.112 1975 6002-3997-1821-2418-1245-1042-2469-4038-5441-2785-2712-4984-5203-4225-4496-3832-2980-1507-1093-1683-3314-3263-2218-3367-5303-1847-359-5707-3334-4599-5079-5712-5674-3622-1878-3145-4895-3728-4490-2011-2362-887-513-3904-2468--6002
74 18195.397 1569 6002-4349-4505-3687-4447-2405-4928-3798-3602-2866-227-615-732-5563-2679-543-343-3210-4307-3152-946-4754-2532-1089-4295-4575-3398-619-2329-3711-4943-317-4981-1875-1232--6002
75 38868.925 1990 6002-4454-3039-4511-4593-2628-321-4049-1148-1524-2756-4131-5967-1598-2608-1393-25-2772-2138-2181-4631-638-5198-756-1324-991-4470-2613-1184-3932-5747-4243-3197-1558-173-2700-2074-2599-1446-3618-1564-3285-1697-2080-1705-5580--6002
76 42107.589 1800 6002-4468-634-5200-1772-1549-4258-598-4629-2340-1407-3615-4440-1894-505-4727-5119-1629-4772-3400-3889-387-156-2430-1820-2578-962-1807-3971-2007-5780-2318-1323-3236--6002
77 15360.831 1834 6002-4510-5605-5623-3930-3725-1361-5790-2555-3924-244-5697-3633-3030-2666-1936-4781-356-4945-2152-2044-5131-3417-3754-300-1253-4127-4711--6002
78 18765.545 1928 6002-4998-2652-4728-1930-1377-1066-5003-1297-3456-3805-5976-2659-2040-3045-2367-4570-1588-1298-5992-4610-2617-2825-5537-3309-5673-2750-1212-4129-3251-4980-3936-3303-135-5425-2463-720-1374-1957-2781-2309-2331-4344--6002
79 15940.738 1456 6002-5001-2824-2383-2058-67-4056-112-3252-3416-2482-1606-4560-542-154-5548-3390-2130-1101-3553-1905-4914-1235-2672-4000--6002
80 15671.178 1197 6002-5160-4108-1538-472-1080-3001-3174-4245-2981-373-4473-1105-888-3730-3529-4516-4370-1362-2749-1777-4422-5018-1845--6002
81 24147.756 1581 6002-5176-1568-2945-5481-2180-4718-2927-1819-4607-1783-259-4020-2808-4637-4445-1423-2330-4374-4997-1306-1441-3608-284-1495-5695-4273-5249-2252-5983-2286-699-265-3113-1523-4460-2052--6002
82 28620.329 1842 6002-5359-1225-2511-4380-2657-4334-5124-2223-1650-3737-4922-5928-4379-1529-761-1367-2507-574-4413-4444-2395-2838-3830-5444-2538-3869-4196-5999-2187-132-4397-3580-4679-4725--6002
83 20147.033 1988 6002-5396-3544-2844-2094-5933-2992-1351-1565-3907-2857-1702-2665-4435-589-2734-3719-3856-2951-5514-3948-1908-3693-4771-4941-2108-1657-5038-538-4432-2056-982-4157-892-5778-2151--6002
84 15550.737 1309 6002-5534-949-4923-4209-5109-877-5235-3804-4741-2575-1039-4384-648-5841-923-1210-1040-2616-5653-5971-3903-535-426-208--6002
85 20822.653 1572 6003-258-461-3818-5635-3610-2881-2439-2783-1552-5657-1218-4911-2498-108-3049-508-443-2604-2912-330-1059-3021-1844-5985-2693-5397-460-5242-5106--6003
86 18752.356 1581 6003-818-4817-515-81-4567-2332-605-2629-2243-5783-5297-2533-4856-5331-3578-5576-5395-5993-399-5720-5253-5617-5969-3879-191-3264-1509-73-3198-2407-945-3366-1626--6003
87 36279.059 1964 6003-851-3653-3838-1985-3267-5552-2046-3747-2807-4950-1262-2118-2706-2727-3429-5538-2170-2135-5338-1628-961-5834-4541-1765-1261-5529-1611-3698-371-4376-3288-5120-5054-955-4605-3835-1740-1190--6003
88 35631.597 887 6003-967-765-4507-1900-4682-871-4483-2292-4931-568-2633-5251-3376-3105-1797-2931-2958--6003
89 40220.391 1960 6003-984-4805-2497-3159-345-3418-5347-3316-4933-1533-4033-4543-1117-2254-5440-3322-4036-3298-5644-2717-4313-4345-1785-5792-5636-2655-5435-469-3635-3378-3986-1473-2385-3019-243-4395-4486-992--6003
90 27759.592 1086 6003-1008-2168-3382-607-2023-4107-5682-2310-479-5408-4201-2380-1137-749-3452-1656-225-3262-4347-4355-806-1227-4187--6003
91 36943.114 1978 6003-1082-1177-2682-3381-3557-2510-3470-3999-2029-194-2219-4824-158-2323-1256-5259-1385-2003-814-717-1717-4549-1593-3853-72-2043-839-898-4755-4102-5196-5838-1726-3974-2776-4764-1403-1208-3684-388-5490-2877--6003
92 48038.154 1965 6003-1114-799-5355-4667-629-4059-875-385-4309-1339-4962-2402-2473-1408-3543-4503-1045-688-1001-1440-5660-3451-4816-2349-2998-3938-2225-5007-1828-3170-5779-4437-4970-1762-4350-3970-824-2010-436-1055-5935-5771-3096-5528-4031--6003
93 28050.870 1637 6003-1182-4919-4487-2129-1131-1164-4566-5807-4303-1352-576-4622-1721-4348-591-4126-2943-6000-5428-979-545-3674-2426-831-2316-3981-4017-5589--6003
94 35849.747 1924 6003-1279-5522-2495-3201-4070-4666-2355-2747-4428-775-3160-3827-5210-525-471-379-2930-1326-5900-1179-1285-3293-1945-4551-2961-5487-5648-2369-4702-610-5513-3140-5831-797-3764-1813-5672-798-5750-5610-1158--6003
95 32057.604 1941 6003-1659-2771-1631-4611-2000-4780-293-5918-689-2543-5436-879-3765-4777-4485-2030-5337-4501-1002-3570-2903-3324-3306-4439-5776-5922-4571-5011-4960-774-1458-1838-1497-3815-4601-2873-4191-157-2204-2486-4641--6003
96 35051.703 1411 6003-1864-4366-3661-5228-4357-80-3434-2447-3689-5286-5313-4831-3681-1685-1312-2294-3784-5150-262-449-3695-5952-5389-4304--6003
97 31897.993 1281 6003-2120-3526-3621-1898-2845-2758-4292-1075-2308-3028-5225-3275-746-1100-5391-3579-2960-2144-3341-2084-4964-382-1110-4683-3612-3848--6003
98 17068.657 605 6003-2698-2101-1430-409-4006-5218-5899-35-3315-693-3703-2694--6003
99 28846.424 1746 6003-2852-1741-4904-2794-188-5010-5189-1932-1112-1811-1754-2229-5607-5354-5711-2829-481-1839-130-3721-2867-825-1199-776-2481-4532-134-29-1156-3024-1405-4871-4113-1816-5698--6003
100 23969.220 1780 6003-3338-489-5984-1350-87-1180-2100-850-5772-5886-1307-1527-3481-2933-1733-5905-1428-5016-1557-248-5371-1576-4722-5246-3536-1665-5629-3258-3041-4983-5755-5457--6003
101 53492.827 1542 6003-3347-210-2818-4278-4994-4446-1122-3512-4907-843-2116-4842-5863-5181-5157-1022-4990-1041-793-1859-4324-4791-4230-4203-4973-787-3645-5151--6003
102 45790.723 1945 6003-3355-1922-249-51-1257-1734-2886-2321-2709-3046-3735-4837-2070-4839-1581-3436-203-5881-2476-2983-2917-2041-1178-365-2145-3393-1775-1595-2140-2718-4288-2319-3597-3525-5268-303-3244-5543-4040--6003
103 25299.067 1532 6003-3504-2875-1170-5205-2442-3858-4434-2387-5290-5536-5369-3678-5308-1889-5924-2840-4690-2535-1862-3235-556-171-3777-3793-3899-3246-2117-28-4886-653--6003
104 42753.757 1909 6003-3620-4153-1768-3351-867-5380-3472-4744-3998-2303-5751-4026-4353-1047-2199-5431-558-2193-1742-2942-4064-3078-477-1961-5582-312-4263-5194-3387-3330-3885-3950-5438-1755-686-5155-5740-3801-3343-4338--6003
105 51514.962 1560 6003-3688-1604-4247-5463-1429-4888-144-5321-5381-5719-1634-2416-245-3863-3791-4820-2169-3666-5078-4810-3259-701-3708-1480-2812-5575-3978-366-890-5480-1025-4342--6003
106 26888.103 1637 6003-3694-5161-2456-496-2102-4221-4305-2354-816-4784-5245-5762-2280-5310-1321-3867-4908-2600-4390-3852-2995-57-1579-3715-5964-2134-5960-1224-5511--6003
107 39008.044 1814 6003-3699-4797-5494-1303-1365-4232-2028-5254-5174-2537-5953-4613-845-4248-3629-4047-1445-133-4915-2200-4443-2006-1914-175-3961-697-1815-5919-3464-904-1809-4756--6003
108 33232.611 1955 6003-3713-4139-2159-2090-3-3617-3990-4590-1616-611-5470-1584-1192-4251-3560-4845-3498-2819-1890-2605-5350-1621-239-1216-1051-5505-4200-2315-5178-2124-1233-3628-5041-1488-5739--6003
109 28491.997 1688 6003-3991-4917-2667-5764-2768-3480-5619-453-1357-5202-4415-122-1635-633-2055-5690-5727-2773-2326-2711-1395-2973-4383-622-2344-1341-2890-2810-5234-4581-4174--6003
110 56412.862 1960 6003-4123-63-3539-3650-4596-3822-4495-3607-930-4572-5327-5053-1977-4451-256-5341-5791-2155-4818-4039-4478-4252-289-5735-242-2842-1007-4759-3884-1966-1493-1296-4639-960-2279-5149-3648-2460-2714-625--6003
111 53739.783 1936 6003-4497-100-1238-2635-4721-2972-5934-1996-918-4946-9-5608-3230-5828-2934-5204-176-1095-4482-202-3640-1139-5968-4893-3541-20-3121-762-4731-417-3455-3496-4198-5902-3117-3015-3157-60-2109-3774-1187--6003
112 30232.805 1643 6003-4979-2494-1462-4672-4331-2346-1108-2499-41-3177-139-5974-1779-1801-5492-5638-475-4063-275-3103-3080-5175-4093-4509-3833-127-104-4176-503-3882-4792-2968--6003
113 15716.208 1112 6003-5206-375-4674-2378-4271-4905-5437-5794-2549-3559-1418-1416-5318-4987-5977-4686-2653-3562-1019-3108--6003
114 41397.022 1868 6003-5432-5824-5932-463-5467-3491-2496-3095-3295-22-2049-240-2073-4552-728-599-3373-1954-1252-2739-2974-847-2039-2696-2637-4212-5271-3672-2622-5782-779-2900-1728-2969-4189-3876-82-4239-1263-394-3583-1846-2337--6003
115 27267.378 1961 6003-5812-1270-2950-1640-5742-4421-3776-4996-2791-2136-5349-5335-1970-4832-1157-5217-5098-1887-4096-3811-5047-3964-721-1188-2215-738-3164-3984-2064-551-1722-3825-4814--6003
116 21378.123 1834 6004-31-2282-423-4219-4193-1852-2985-2164-75-2699-2244-5811-4398-3188-5986-4237-5766-337-5930-5379-5979-2518-958-5806-3842-2893-4262-3040-1826-1211-2806-140--6004
117 12460.624 931 6004-169-1578-215-5074-4729-61-4854-5027-3208-3224-3255-196-861-5084-4645-705--6004
118 28502.363 1547 6004-297-4624-3910-4708-5668-4008-3132-2669-4001-44-4417-2907-2012-905-4260-3497-3200-2582-5367-900-3637-1603-401-2570-3486-458-4264-4407-4577-4544-3955-4647--6004
119 38310.846 1828 6004-613-3591-2815-2822-2975-5775-2891-642-4450-1940-3460-2281-659-3219-136-3634-1103-2970-53-4642-950-4545-4520-3663-2045-1760-447-5273-3906-5785-3182-5591-3996--6004
120 32515.871 1975 6004-703-5840-1265-4767-1678-3245-4620-4742-5442-4704-4821-279-557-2769-4254-1087-2512-3550-5102-5916-3477-5398-1413-590-441-109-636-3720-358-5378-1663-1670-2149-3196-1026--6004
121 25572.103 1687 6004-707-2982-1226-4253-669-4664-5937-3363-848-1560-943-5593-5031-2148-676-338-2414-1600-3972-4539-5844-5832-4858-1647-2483-4657-1636-434-1229-5485-5166-3055-1950-5230-2141-1444--6004
122 31643.229 1315 6004-712-252-1142-5852-3047-5154-2855-2249-921-4521-1096-2862-5073-5475-3722-931-4959-1833-2587-3902-4517-4808-4773-1853-5165-5126-2884-2736-4640-4578-5959-4019-4644--6004
123 17928.677 1966 6004-743-4956-1885-217-1448-1804-906-3311-5850-3518-1255-2936-5889-1526-2054-4811-4261-2896-305-4546-3954-1991-1747-5551-5592-822-5849-4614-3375-5847-2245-2918-1781-3995-2392-2207-4058-3677--6004
124 32227.241 1515 6004-1067-4259-5848-1269-5756-639-1993-5891-1947-1228-3584-3731-1766-2162-3847-235-2384-5656-324-4654-2490-1470-159-5781-4930-4986-3872-2658-1119--6004
125 27607.567 1916 6004-1171-1623-5503-2901-726-4499-3234-856-3789-1481-907-2805-3087-552-3873-5627-3763-1525-559-3120-2915-4369-5725-4829-5137-1083-523-1327-3854-1030-1868-1133-3701-384-521-5998-1291-5540-3826-1380-2461--6004
126 23598.626 1994 6004-1247-2848-2278-593-1886-526-770-3483-708-522-1004-4082-4090-5728-2022-2256-1808-3296-2021-5191-2368-3144-3254-125-2568-96-5121-201-2051-3060-4823-1651-2687-5558--6004
127 29114.127 1947 6004-1583-2452-2465-2026-2692-1198-1736-2576-1917-5461-1572-3953-1345-2770-5553-3487-2641-5374-3158-939-1686-254-5652-4030-4502-5082-5324-5162-71-3780-5901-4382-4173-3670-5356-1376-2472-30-4151-5220--6004
128 25224.702 1951 6004-1638-1342-3625-903-2763-2205-510-2002-2860-5296-3070-311-3155-2428-5752-4494-4687-5941-5034-457-1167-1928-4665-315-4529-2501-5805-2262-5302-934-4889-5597-5700-90-3523-2954-1761-671--6004
129 21206.428 1937 6004-1644-2803-1316-5348-2798-2433-2347-1971-2882-1494-4995-5009-1375-1818-3905-5544-419-2947-1076-4869-1806-5028-5795-3007-3476-2782-5879-1515-1163-4975-4696-4014-5305-2350-1871-3511-3025-1029-3346-308-1234-4807-3582-4144--6004
130 28314.217 1630 6004-1693-2377-5554-2185-1069-5508-3206-5649-3204-4638-971-5826-4400-4042-5012-1419-4351-3260-3066-3099-364-4048-1379-2906-2509-3770-4957-5678-1774-3921-5705-601-716--6004
131 39425.905 1980 6004-1724-2454-422-4602-4619-2735-1292-3601-3004-2445-4043-2221-1641-2183-2214-1206-1371-1689-1805-2423-813-2715-5199-2161-3898-2953-212-1044-3548-4205-2441-1288-486-165-4700-309-2521-1518-440-1561-2179--6004
132 29122.374 1993 6004-1735-3181-3357-1814-4111-3505-4132-1092-1942-2299-1237-3528-582-5530-3514-2076-929-3026-1500-4561-4588-4688-2515-1786-3973-609-1146-2048-445-5366-143-1308-3012-3371-1639-2774-1273-667-3667-5895-3766-5894-2154--6004
133 17851.665 1163 6004-1791-3457-2417-4972-1294-2833-1463-2112-1426-4206-1359-660-2619-4097-5424-1363-2730-5851-5745-4399-4618-2560-4418-5292--6004
134 27165.485 1992 6004-2087-2802-1123-4836-48-1035-649-5258-3062-4801-1627-1770-3748-3639-3843-4035-1938-4900-318-2047-3489-1731-2909-2263-3209-1151-1277-2035-5474-2467-5042-2740-4354-1704-2388-5184-1176-507-3545-731--6004
135 37771.266 1779 6004-2098-1551-5855-5679-3479-2036-889-3589-2239-1669-4265-186-4053-758-2335-5108-4540-5873-614-1587-2762-3388-3278-4504-4068-2107-5600-4673-3665-3992-2681-4591-5566-2474--6004
136 44499.343 1979 6004-2311-2126-3339-628-1048-3860-3383-5478-5005-3407-4356-5749-4222-4695-174-1880-5689-3093-5835-1827-1696-168-4027-2899-3993-69-1011-791-4720-852-4286-5086-3868-2177-4284--6004
137 9455.404 672 6004-2397-2106-4961-497-1482-706-3189-3912-5633-975--6004
138 21896.108 1998 6004-2444-3420-4653-2406-3814-3755-1086-2208-630-935-2689-3538-5270-2313-2273-5072-5741-97-3294-3890-2919-2393-1822-4297-2165-1490-3540-1248-5500-5950-4160-4452-2765-4697-4536-2885-4202--6004
139 22341.941 1689 6004-2506-246-5980-994-3115-5716-1280-5265-123-1586-932-5878-4827-1386-4498-4300-487-673-2206-3054-5688-1719-1028-501-5112-2160-2990-3023-5123--6004
140 12004.896 1040 6004-2513-4564-5019-3022-1402-5186-1706-5856-1653-2235-5512-2334-1619-4883-5067--6004
141 44779.870 1937 6004-2660-114-1078-4585-1343-5842-5332-2606-3490-2777-5040-2415-346-569-4948-3052-1837-4007-412-3692-3682-1690-1415-2455-2529-2910-4032-936-2345-2676-3077-518-654-675-1469-4868-829-5221-4558--6004
142 40677.944 1953 6004-2662-4850-5362-5997-802-4737-5415-1336-4626-1732-3421-1962-4101-1520-3323-4709-5911-899-3508-3135-491-5429-3273-2412-752-4680-3969-2846-2443-3156-5096-5088-1124-4894-1479-3438-1319-5675-3129--6004
143 43275.132 1925 6004-3173-120-1911-1144-5519-3697-2019-485-5388-3880-4281-3866-925-2013-2565-5765-4166-4414-1136-1442-2008-1191-3414-4266-3626-2097-50-1517-3828-1141-624-5422-1893-2790-473-1056-1217-47-5549--6004
144 24104.186 1951 6004-3283-4377-5609-3172-4269-2753-2182-5734-1927-5618-5329-4500-5813-4612-550-4339-3261-1948-5940-3107-3781-2289-1072-3573-4455-4146-3043-993-1841-5966-2574-163-4158-5143-735-5192-2139-4595-1860-5561--6004
145 18190.484 1789 6004-3326-1637-2897-5179-1438-5588-4241-1960-1452-3895-5287-1672-3928-5864-3556-2967-4326-2602-4877-1284-534-2826-1186-5114-937-3335-116-319-11-2564-4002-4559-2449--6004
146 27219.435 1984 6004-3328-740-3302-27-4474-3844-819-3551-1580-4323-4386-4761-3071-5797-2166-2618-2403-844-1601-368-1677-5769-3957-999-2446-1513-3169-916-4287-2580-1790-1084-2695-380-5722-5224-355-2242-1290-2216-1485--6004
147 22666.498 1985 6004-3484-4555-4526-226-4912-2966-5390-5744-3213-2611-1384-3221-1466-3638-5405-5309-4448-357-2780-5328-3785-1541-4045-1275-3980-3676-4154-3702-4491-5100-4531-5917-1796-3184-3404-4954-1835-1803--6004
148 23709.561 1494 6004-3623-2526-1751-4676-4298-1471-3385-3186-5453-2288-2955-1681-5107-1602-3240-3011-2962-5033-230-2647-76-3649-1610-4130-3475-3773-326--6004
149 34050.797 1973 6004-3654-1003-826-3402-3949-2786-2115-3006-5691-2227-5414-2813-4489-5071-2212-3360-456-700-3836-1300-4462-4936-1676-4925-435-1901-1128-5484-2153-2784-5446-4892--6004
150 27667.774 1996 6004-3802-4308-1381-3389-62-5650-3090-4514-3850-2792-5661-702-694-759-1085-32-3771-5808-4935-110-3308-3555-5602-353-468-3595-5063-2850-5723-4758-3453-2690-4410-4598-2123-2210-1550-4898-4424--6004
151 29568.359 1980 6004-3821-4732-45-2761-5857-91-3225-4165-1879-4876-911-1000-493-2572-3727-1338-1409-5996-2508-587-3796-4229-2027-5233-3286-4574-3271-3101-1625-5216-350-1848-2892-872-295-4121--6004
152 22937.610 1881 6004-3967-5555-3647-1939-3127-3657-4094-2379-748-4753-2539-5931-1005-5632-4337-3542-2949-3342-2625-4518-1528-4367-4924-4186-5789-5620-3268-3723-2186-2809-3321-3074-3673-2217-5276-102-617-4055-5351-3466--6004
153 27265.868 1980 6004-4114-4841-4081-1555-1118-257-857-3643-92-5677-2837-2684-2312-4554-5562-1738-2462-5449-1959-734-5892-668-2504-1531-5103-594-3069-5859-1877-3975-1675-4204--6004
154 34111.551 1905 6004-4256-410-5504-276-5738-439-3946-3461-4875-5748-2514-4394-836-724-2487-4662-4150-1748-4441-2260-3053-4656-2301-2601-1459-5663-2737-1668-882-4025-1242-2872-4573-2014-1916--6004
155 19343.698 1864 6004-4409-4029-3892-428-5909-1223-2804-5970-5572-3641-1251-5142-3714-849-228-683-2298-2590-4404-4515-3364-1990-462-1503-5345-4115-2358-89-3849-2913-4037-5810-2859-2250-1906-679-1946-4712--6004
156 22532.339 1592 6004-4465-670-4161-5295-5651-854-3690-4095-3861-2248-3036-812-1763-4932-164-2150-4734-4794-924-3668-577-1714-5829-1315-3896-2338-3249-5266-2675-1088-1057--6004
157 24669.682 1525 6004-4506-585-3241-1024-4180-913-1424-666-1530-232-5990-389-5017-4582-2536-5706-2033-2956-4525-3837-3596-1508-5454-4803-1882-5241-5880--6004
158 21430.690 1892 6004-4630-3148-2914-2306-3979-4715-4999-3406-4224-5486-2528-166-310-5854-4457-95-1691-4768-4650-3415-2264-3931-2650-4701-1910-3395-863-4217-3109-1902-331-2946-3068-5853-4899-2971-4609-1694-247-3855-5515-3726-2104--6004
159 20930.491 1858 6004-4882-4408-4207-1703-1464-2291-5426-3300-5383-4524-5207-444-5008-604-4897-5330-5006-2607-2404-4909-3111-3227-4953-2976-2502-1346-1465-5413-3934-1193-3916-780-2519-3205-1406-2556-1335--6004
160 25467.062 1387 6004-4963-5439-2594-4426-1213-3966-1313-3499-5773-1749-40-43-1013-2228-2552-517-2584-2664-581-947-26-425-3740-5404-3192-3616-5877-2922-5460-4177-3003-1501-2475--6004
161 25441.497 1988 6004-5025-4955-2888-3686-549-150-1061-1680-5030-4168-1823-4469-5136-4057-1542-2989-2359-1127-3168-1630-1817-1979-3887-3171-1692-5942-5256-745-427-3874-3965-597-2869-5065-1870-3450-1456-5579-3092-2751-4600-4710--6004
162 23056.322 1794 6004-5110-2192-3403-205-2610-3745-5843-692-5583-4628-2408-377-5731-5491-3064-3297-2554-1570-3432-5201-3917-3655-4726-3762-3149-4411-5622-3222-884-4952-1569-4615-2343-3018-2721-454-5845-874-3561-5386-222-5092--6004
163 26030.230 1989 6004-5138-4080-1661-4689-5681-2025-5323-4054-5420-1021-3799-768-5315-4580-3572-193-3493-3564-464-2-5767-2458-2863-3237-64-2246-4128-3716-1589-5394-3656-126-2172-216-360-4076-3878-2999-4479-55-474-3552-3085-1340-1789--6004
164 21690.212 1865 6004-5158-1566-5075-5277-5238-1649-1695-4971-1752-5168-3279-4233-3037-2902-1236-881-5502-4927-727-111-1140-1992-2766-4481-1289-5050-66-3010-1433-500-224--6004
165 21070.079 1984 6004-5190-3361-3027-1574-616-5542-5611-4565-672-4360-5116-4569-1062-103-1784-3256-4916-2738-2589-2174-2920-1378-5721-335-805-3233-5213-4548-5560-2195-682-1360-878--6004
166 20704.763 1558 6004-5336-4530-600-1645-5874-5658-1849-398-4828-1810-1618-4147-914-5701-841-1759-846-467-1090-2274-5915-1710-855-451-431-3533-3474-4120-4116-3058--6004
167 25621.292 1955 6004-5372-860-1757-4296-5052-3851-1074-782-1050-5936-2651-3736-5430-2005-4926-4790-509-3223-5694-354-5252-1-302-2226-5129-3083-3925-147-2588-2190-4170-4678-3190-4088-189-2716-2191-5715-2275-2654--6004
168 31271.883 1961 6004-5384-2147-4699-3783-3013-2122-2290-5057-3733-2071-5962-3134-3128-4655-2551-499-3280-4184-3577-995-2176-2722-1293-1646-5947-344-3050-4480-1716-4938-2230-1729-4310-1373--6004
169 5501.856 375 6004-5462-1398-2302-5455-446-5274-5743-4707--6004
170 33630.312 1991 6004-5469-5995-5939-1099-5024-3147-2167-3710-5913-5450-5035-978-1907-2038-1058-5334-901-2004-3909-3816-2276-3344-974-195-940-927-5352-4449-2724-996-4319-2710-1897-5760-4862-1895--6004
171 23914.995 1934 6004-5703-3941-4592-1220-1851-3524-5587-1425-980-1994-5945-5965-4162-2870-2787-2542-5101-304-2485-5208-5023-4192-3266-5465-3857-1204-2099-837-5640-2196-3893-2127-4425-2296-1535--6004
172 30841.341 1929 6004-5944-3790-3900-1952-4863-1707-2581-4789-5988-4003-5524-260-3138-1643-4762-4249-5523-5897-2464-3086-2053-985-5222-821-5451-5726-5887-2320-1872-402-2631-5280-5183-1969-5910-65-4553--6004
173 23769.000 1984 6004-5949-4982-4632-1590-466-3313-1800-1332-2265-941-5614-5407-3600-2757-2400-2879-4141-2868-2878-3758-897-794-3242-3413-2923-5981-5858-5654-5232-3370-2520-2119-4072-1214--6004
