total_number_routes=218
total_route_len=7372345.128
#rnum #length #load #depot-#customers-#customers-...-#customers-#depot
1 52224.992 1998 8001-1-5869-280-1600-4095-7863-5092-4899-1753-6151-2141-2506-992-6840-7596-2081-6515-5026-10-2214-5270-6426-1346-5239-1337-5640-2458-5495-4309-1235-6927-1338-7484-2145-4385-6000-3934-6979-7436--8001
2 7502.469 878 8001-221-5086-109-4872-986-3023-2120-2073-5943-6287-6351-8-269-704-108-3454--8001
3 18362.385 1452 8001-225-3169-3770-4463-2664-5050-7115-2347-7887-7471-6776-1607-6090-6095-5259-1006-7225-5546-6377-5409-2760-7687-5993-6913-6034-1636-784-1558-4360-1299-3102-5656-4776--8001
4 42184.420 1953 8001-406-6634-385-6198-2602-5264-2846-3186-7556-5302-5381-7301-5564-6057-773-7305-3745-5976-7719-3749-2153-6447-1694-1964-3877-229-2336-1341-2276-3237-5028-1576-494-4947-342-1838-5817--8001
5 21199.149 1817 8001-411-2718-1725-674-7747-6825-5402-7690-205-3070-4896-7230-3697-4197-628-5040-7149-1766-13-7810-318-6883-1201-3313-4196-2716-3008-7645-909-349-5145-2635-7385--8001
6 47740.879 1875 8001-431-5431-2300-1510-6732-22-1166-6281-5350-4754-5552-2805-1258-2277-5628-1649-4239-398-2598-4156-7459-3459-4470-7178-4250-7572-236-975-6002-4661-915-1613-4467-61-4575-3239-5403-6881-1894--8001
7 45753.127 1994 8001-484-3540-4955-6555-781-3235-6735-7022-7529-5720-2346-7728-1647-1456-2672-737-646-6038-6507-7524-4855-6952-1149-234-420-7501-5952-6675-1869-2886-1233-6304-7866-1692-1352-6713-2874-1438-768-7300-7917--8001
8 20462.452 1969 8001-485-5593-3686-2666-7743-3801-4230-7955-4473-4462-6334-2422-2382-6861-6449-343-1601-6374-87-2144-5379-2123-7297-3812-183-1411-7892-1815-7688-2750-7638-6174-2753-6622-4091-2569-7636-5771--8001
9 12969.307 1895 8001-517-6468-4578-3899-3846-4269-1323-5525-618-3497-2702-777-3841-181-1273-6641-7821-12-308-5293-952-1540-6836-1308-2550-3837-7920-6483-5230-3346-4252-3039-7613--8001
10 43983.690 1892 8001-542-7398-245-4706-5439-4144-6640-5482-5914-7437-4725-2583-6655-7835-2825-5338-1042-1565-4494-3663-6033-6582-2344-2793-6834-5529-3886-5234-4905-6730-7531-5041-6134-3065--8001
11 42470.689 1201 8001-565-4240-5108-3848-5194-906-5827-5681-5804-4560-2098-5249-5140-1596-6835-389-1764-6793-4195-4664-3691-3225-6570-2570--8001
12 42508.076 1938 8001-576-4297-7607-5616-7656-1615-6533-3394-5730-883-184-6338-800-3709-3726-854-7105-294-526-4832-2243-3954-4933-5724-5781-4286-4737-1534-7324-2637-317-7830-1994-4528-3769-7450-5314-220-6060-2606--8001
13 63261.248 1970 8001-583-6562-2701-48-7435-5843-4892-4356-2374-1536-3757-3325-1266-2934-2919-200-6308-7973-4402-5351-500-6931-4734-3018-1097-3393-2631-5285-2367-2837-7219-3742-7919-4410-1157-59-289-3425-2371-4524--8001
14 20318.004 1879 8001-624-6606-4245-3253-1586-132-4865-5577-523-1878-1110-3101-6463-7363-5509-7799-3521-3300-1156-4256-5397-7191-654-722-2534-5103-4182-4455-4112-3444-4929--8001
15 36988.015 1468 8001-656-919-6541-7093-3138-6862-4008-505-3176-5589-3907-3722-4456-6323-164-4068-3005-6064-254-7318-6858-3033-3054-2630-6781-1857-6106-5378-1113-1659-5297--8001
16 31759.526 1985 8001-661-3484-6613-5970-7111-7030-1339-4736-1727-6633-6071-2128-1137-6645-4037-2302-5235-5810-2246-6082-4557-4696-4457-7646-3611-2163-4146-635-5745-3625-923-6011-5650-2937-5335-284-514-6182-2191-837--8001
17 44006.922 1856 8001-828-6321-3984-1221-4828-4421-820-6529-1260-3128-5034-6068-7592-5063-7889-296-1032-5707-249-3834-244-2240-2097-3275-3429-6632-6204-353-997-1899-5944-933-4491-4874-6660--8001
18 56584.729 1986 8001-879-7648-6049-2126-2736-7876-6704-6392-1860-1892-7023-7601-2889-3591-4969-1882-4654-5178-121-6114-2406-5825-3003-3179-4726-455-19-5933-376-3699-7394-3638-7302-1979--8001
19 35239.765 2000 8001-901-3762-6305-7327-2470-5405-3968-4941-621-4730-3554-3501-638-2293-2370-6682-5441-5177-7263-2234-1268-7494-442-6442-4801-1593-75-6615-5522-6989-4532-242-7206-4272-6439-3825-5396-4336-1628-6964-7181-1356-2043-1891--8001
20 14539.176 1986 8001-959-6807-2597-4363-1207-5364-5905-994-5017-973-7682-2966-3353-2866-741-2586-6025-4321-6456-1401-5466-2588-2784-6363-1624-7877-2912-6956-1993-3371-4550-4083-5678-2499-1961-2743-6685--8001
21 24106.741 1951 8001-1072-216-1028-2888-3270-7055-4636-853-6135-5136-7276-1101-6405-6364-182-7500-6518-2372-5053-5269-5846-5808-3530-521-3802-7573-5793-7926-6729-5790-643-1978-402-3738-4521-1368-7066-2963-5950--8001
22 30633.600 1938 8001-1130-198-2795-2481-2589-2360-6382-2340-7412-5649-4620-6241-3219-4312-878-3302-1462-3859-7738-3440-2611-3046-5920-1849-1315-6850-3155-645-7156-7014-6810-5534-272-648-1809-314-3867--8001
23 20745.072 1942 8001-1135-66-6032-4819-5619-3083-3116-3637-2505-4781-2823-7766-6674-3276-2335-6193-1666-4683-1469-2959-4678-7217-7997-7642-7262-6231-130-6340-1415-4044-4022-3529-4109-2725-1619-2152--8001
24 35609.295 1989 8001-1198-6557-4662-2084-5368-1915-5819-5078-6629-4306-4464-5223-7024-2295-7316-5074-3002-5931-913-7311-4863-5710-7906-7212-3037-6247-5151-2906-3016-3811-3915-1038-3850-5438-5758-2425-7804--8001
25 46132.102 1944 8001-1214-3308-3395-6644-6733-7834-6443-5908-7535-7844-5401-3595-4615-7533-1524-6853-5982-7944-1079-4697-3987-1479-5135-964-1805-3550-6588-3710-4505-3082-1369-5922-4504-2202-858-6821-1120-5047-7473-476-6706-1354-5207-7378--8001
26 49011.089 1919 8001-1292-3151-4540-3766-1226-4611-6957-1788-5626-1167-3792-7215-6564-710-6554-3942-4174-730-1026-5900-316-1516-297-1326-6628-4911-7610-4593-2741-1732-475-7739-5283-1022-6969--8001
27 34282.393 1782 8001-1305-1386-7485-5700-7352-5262-3386-6397-7654-1966-4415-1301-6384-835-1272-2772-5126-7604-6808-905-1150-7286-7891-1559-2363-7630-7543-6535-3839-7392-1673-4657-1843-7749--8001
28 14147.010 1742 8001-1343-7179-6313-3152-444-4672-2107-4137-5594-1799-4103-3902-1320-561-7338-2801-3268-7686-1394-6568-1919-2548-7085-4805-3528-2118-400-3966-520--8001
29 34704.194 1968 8001-1428-315-6820-2605-6276-4673-1656-4795-6233-1976-2543-3502-4207-5526-6119-612-45-2933-2053-7443-938-4344-6753-7228-2105-1862-4993-381-3941-3746-6250-5746-3050-5773-5102-2677-6556-1898-1351-248-7285-4163-6737-6128-2047--8001
30 19962.667 1959 8001-1465-7693-63-2814-2854-3329-2839-3298-6647-5868-1751-39-11-596-1551-2562-2416-5660-1545-3561-4948-1548-1538-5391-3115-7478-2418-1331-1296-2847-1883-1622-6177-6470-4971-3784--8001
31 46577.028 1995 8001-1466-2447-4034-860-6950-2132-4589-893-5089-7133-4720-7793-3100-3111-6607-415-4858-4200-1004-6680-4777-2064-3443-2112-6078-4311-2352-1043-6935-2690-2466-464-936-4998-1403-4461-7742-3687-4102-7934-5553--8001
32 40615.048 1958 8001-1475-4371-1758-1212-295-4728-1983-6120-6476-7516-5837-3324-4396-7112-124-6341-5892-2806-21-4506-6819-7668-2241-5400-2996-4074-5510-2765-233-3241-6504-5672-43-3872-1067-6404-7120--8001
33 10630.872 488 8001-1481-1968-2411-4101-1417-91-4597-4302-4966-7068-5533-2353-2794--8001
34 27953.296 1163 8001-1513-3973-5193-2563-6573-5185-7248-7236-5595-4573-158-5861-7032-5477-5590-1329-3972-2627-2274-1599--8001
35 32263.566 1874 8001-1531-6465-6369-2871-3545-3277-3234-5702-4387-7360-2651-4075-967-6870-571-4559-440-5805-6438-760-4845-3660-5070-4643-6403-6358-6809-7072-7183-6899-7244-922-4432-3153-5083-7871-4478-2900--8001
36 35146.072 1997 8001-1590-5024-7460-1248-1463-2676-4879-2922-4987-5913-69-1361-4508-2863-7426-6598-6041-4743-2822-3520-7462-7383-880-6289-5801-3612-4981-4270-2721-6829-5152-4317-1126-7125-5891-4755-2421-7451-209-1833-3249--8001
37 63455.004 1956 8001-1630-5581-4223-5348-4834-2495-4553-2045-7618-5785-5354-5042-3615-830-6203-4244-2571-3957-2147-1274-2398-3421-1825-6184-320-551-5497-5121-5355-5485-7391-606-1304-3247-5344-7734-6125-429--8001
38 46775.975 1945 8001-1702-931-7939-3519-5907-1450-5939-4426-3164-1769-4900-5717-4581-7203-1511-7293-6500-610-5600-6240-6661-128-4088-6344-3955-7730-2280-5921-4890-5407-6379-4399-2170-4412-1423-3259-7680-4510-3956-5195-2391-4785-5020-4590--8001
39 15137.707 1826 8001-1763-6375-3145-4910-1380-6905-5734-274-5749-5639-2222-3483-7069-5096-877-5841-1794-3365-2625-1317-2290-7216-5865-67-3512-6790-4792-151-7836-5774-711-2249-2882-199-1302-4202--8001
40 27392.938 1451 8001-1765-2162-3814-4945-1106-6474-1646-2935-4762-7421-5052-512-2211-1563-6709-816-4305-993-543-5189-4745-2836-1344-5501-2226-6167-1471-7880-4758--8001
41 24057.498 1976 8001-1775-3190-4583-4751-7081-3053-7035-2059-2962-6526-587-2269-2063-3385-2006-2984-3739-4537-2304-7974-2460-1937-112-5066-4818-6171-3861-1657-5071-5778-6873-914-5143-5797-7144-169-3765-7113-6511-7504-4453-842-2049-2247-4138--8001
42 11633.809 870 8001-1830-6249-1418-6923-293-1528-5904-1555-1972-4901-3025-7691-5760-6297-7509-3578-657-1195-6743-7200-1741--8001
43 37169.029 1927 8001-1925-2880-7980-771-185-721-2271-5275-6096-2783-5200-4810-3806-2719-1078-4055-424-4062-529-6702-5505-4440-3548-720-4744-6734-5803-3790-2977-2253-4364-3579-1298-7559-7045--8001
44 36833.651 1559 8001-1955-5654-292-4078-4849-4717-7605-1486-2351-2013-5696-137-487-1669-3167-6434-1132-3917-4168-448-3672-3260-3399-5265-1348-5500-2768-4460-1192-5503-7103-7620-5448--8001
45 38123.020 1977 8001-1989-6366-570-6795-6822-6398-2317-1846-6583-6757-3736-699-7304-3364-4543-5222-2983-802-3507-5787-572-5674-5333-5871-5118-1083-2140-5763-2369-7714-2682-212-4273-6948-1610-2230-5591-5697-347-3345--8001
46 51411.685 1794 8001-1991-7470-3340-2819-6036-2233-1406-4026-6050-29-1667-3450-2574-5104-3136-6788-3084-6537-6202-1121-4476-4652-4486-3833-4572-7295-7839-7057-714-3777-6932-465-4668-2148-5586-4719-7160-2699-2426--8001
47 29026.367 1997 8001-2039-1801-4378-3126-2116-7107-6736-2244-6877-693-5498-776-1345-7625-6866-4247-6760-5366-3889-2821-5493-384-5473-1640-2539-3909-3452-3027-2685-6611-2797-6651-5775-7062-3163-519-6141-3419--8001
48 37420.136 1999 8001-2077-5491-3330-1144-3763-6902-1332-4051-6477-2017-941-6429-5342-3716-7832-5171-7238-5874-286-5968-3071-3891-5893-6185-805-1817-1238-5653-153-5776-1944-6589-6852-5812-655-6625-417-3372-4588-4539-7748-1517-6918--8001
49 31108.959 1984 8001-2139-4054-1924-6075-6451-7329-2698-3816-6539-1934-1451-7811-38-4155-5682-6266-3281-3356-4409-2067-6127-1328-1334-7801-2777-5280-1098-559-6406-817-1099-5754-2978-4760-116-7970-7493-2072-586-5512--8001
50 35283.105 1980 8001-2143-4023-2953-885-1844-4330-4703-2365-5511-5327-3398-7486-1853-1580-6372-2767-2378-237-7096-3124-7346-5772-1474-6126-6117-6800-7328-4606-6851-2320-6-6953-1491-6448--8001
51 22388.880 1871 8001-2217-6942-6528-7204-85-6165-3714-7522-5340-1717-3047-2711-7760-441-6040-1691-4870-1327-5080-7961-2707-2522-6037-1410-2479-2212-4710-4381-4999-6176-3335-2260-4986--8001
52 52049.318 1959 8001-2221-5009-1749-7872-4235-3750-1986-3185-1103-7992-7539-1897-4826-6936-7855-5130-2413-1701-6194-7967-2175-1706-375-1754-6053-1178-1460-7606-5490-6471-5596-7076-6811-377-6669-2169-6912-3485-1502-3695-325-4587--8001
53 55742.322 1991 8001-2284-7210-6072-106-4985-2356-642-3495-2537-4833-1931-625-524-5099-3210-4674-5100-719-2131-6982-6742-5537-7380-3773-5014-7534-2362-2733-6667-6785-1627-1671-5930-2744-3594-7136-301-2348-4580--8001
54 36573.044 1956 8001-2286-584-3437-4152-924-1914-4536-4665-7483-3948-7600-2893-4534-4741-6694-51-2101-2649-3316-925-6285-1039-4809-4862-3890-2737-477-6856-3690-6642-4962-861-180-5429-2291-1996-5983-803-2752-4980-1461-6242--8001
55 31597.818 1803 8001-2303-3985-5712-7859-2734-4014-7132-6142-6886-1604-5836-6854-6637-5392-3774-5732-3074-3282-1906-1289-4375-2389-1514-5942-6530-3719-3017-6357-1686-2036-4328-598-125-7515-7608-4525-5506--8001
56 79795.997 1985 8001-2306-4806-7717-6880-1641-6315-4679-6409-7657-1790-6584-5917-6488-619-18-4279-2075-7633-5048-3633-7410-9-3799-2251-4046-4373-4932-1777-4616-5420-4480-3668-3191-367-7838-330-980-2696-5322-7701-3919-5664-1372-7781-1605-7907-5879-7915-4298-6102-6955--8001
57 39718.132 1935 8001-2316-2177-4895-2270-3764-4871-5418-2420-6502-595-5430-2918-535-453-6077-6303-6083-5157-4327-4989-6428-2467-7774-1943-4010-5214-4843-4499-3319-1262-4040-2407-499-6031-1889-7696-4768-3466-4512--8001
58 27927.328 1822 8001-2324-6236-4070-2205-651-5201-1810-1729-2223-1227-6201-4509-2414-4700-139-759-3362-1184-304-3382-277-5977-3924-73-2832-3992-2000-3815-2071-3327-7767-7315-589-3320-2923-1643-4084-718-7521--8001
59 17816.905 1298 8001-2332-3751-5339-966-4552-2364-870-2477-6832-2530-102-3779-2386-207-1204-2799-2408-1390-6402-5455-623-4527-2326--8001
60 28749.706 1585 8001-2349-2137-460-1591-4017-3267-7317-969-7708-2330-1792-960-6459-6773-5444-2997-2031-2691-2309-1546-7666-3031-6248-3771-7054-299-7585-2538-6869-4294-2151-1887-6721-1988--8001
61 21192.579 1563 8001-2410-7185-963-6938-1995-4530-7675-7953-1572-5031-4110-5962-6081-4526-1554-3172-4579-3888-726-4254-239-6652-5123-2884-3323-2735-912-6163-7061-5266-1115-3045-2881--8001
62 54491.376 1995 8001-2419-6270-3791-2532-1866-5054-1162-4983-1254-540-1854-7591-3041-7479-4427-6849-452-7744-2227-715-1947-5663-5013-290-2453-1781-3110-103-1470-6859-3000-446-5154-4316-2501-1245-4251-3923-1574-1314--8001
63 33389.190 1909 8001-2428-1913-7226-1431-2524-4105-1774-6390-1807-396-3108-5989-5860-7977-6317-1588-4775-4637-7224-3685-3098-5622-2739-3004-2028-6294-3089-3373-6319-5540-2088-4233-7759-6157--8001
64 41204.498 1994 8001-2430-2129-7343-1670-3755-6455-5000-4352-5523-7538-6435-3408-1783-2727-4414-2130-4577-6055-2292-364-1695-3517-5255-3358-93-378-7712-6495-1300-1249-4942-4289-6991-5320-7595-3884-7250-114-5064-2455-2856-1276--8001
65 11451.160 1088 8001-2431-6214-6180-7440-5183-6779-3623-2508-3355-6596-7594-824-4379-7994-3036-4844-5065-461-2164-7413--8001
66 28741.612 1838 8001-2459-1703-5075-2575-1109-3500-2872-6419-5319-4172-4749-50-7242-6962-6939-1399-4645-291-995-2965-6320-5687-6284-7833-6234-1424-1797-7418-3139-4640-4025-2580-5122--8001
67 22768.267 1994 8001-2474-1152-6355-5372-3256-532-1046-5044-52-3844-6638-3670-1813-4691-1977-2529-1010-2556-3245-2185-6772-1278-7272-4027-7854-4784-3830-4770-5753-1051-5290-2450-5303-3963-5611-202-6687-2218-5424-5963-4016-4238-1035-7146-2815-2807--8001
68 14129.209 1183 8001-2521-4276-1571-6048-5168-3413-6895-7565-4032-5507-5246-7267-6677-6692-2491-3713-6343-4841-7292-6929-3099-7569-5715-2724-4721-55-5237--8001
69 23825.432 1907 8001-2544-3538-7571-2970-6946-4123-2990-659-1358-2681-1685-5858-6990-6617-3602-1230-3927-7895-2399-2313-1967-794-4259-2262-592-2443-564-5469-1163-3129-7695-3196-5641-695--8001
70 47520.432 1954 8001-2552-1614-5582-1088-1608-7981-603-2135-5229-7163-6699-1081-167-7879-5305-4991-5268-36-6394-5903-2423-6983-1018-1175-5077-2434-3851-6656-7814-4800-5770-4780-868-6022-168-5818--8001
71 26228.388 1861 8001-2582-5294-2213-5369-549-140-2746-352-3629-668-1485-3620-4323-2896-5035-6774-3348-2790-5824-4976-4127-6145-2720-5573-267-665-4500-4377-2136-1597-6786-467-3645-115-5929-3221-2845-4199--8001
72 25781.387 1113 8001-2617-7168-3662-7729-4722-5706-5852-5182-4314-1445-3680-2451-2187-1515-1728-838-193-7770-4625--8001
73 43560.629 1985 8001-2640-187-653-4601-2827-3979-4716-7051-5677-7737-894-2976-4354-6440-5132-6890-6133-6670-4880-6934-1422-4130-7150-474-2703-2265-3049-1297-7260-1814-5912-4052-1726-7234-4007-1818-6756-3150-4817-3499-2014-7001-4031-7307-5634-2683--8001
74 19794.157 1776 8001-2829-988-338-5238-2850-6601-7458-5001-1454-4338-7018-4374-4562-799-3012-1420-5528-983-5337-2577-34-6719-1987-3442-1872-6965-3312-7237-6816-766-1767-4990-1952-414--8001
75 28545.753 1958 8001-2853-253-822-7518-3974-3730-5362-2355-4403-5701-3832-1264-525-5848-1321-812-2865-1575-3786-1523-3939-6679-1900-5166-998-7137-1203-6792-7576-7277-3289-4097-790-6288-6367--8001
76 20384.415 1765 8001-2864-5281-2759-1971-5212-4746-1709-2207-7662-2838-6431-1662-4927-7561-7615-5114-2663-4214-5336-4644-6179-5343-421-7720-6232-7403-1864-1677-1711-753-5352-6116-6841--8001
77 15105.263 1459 8001-2921-6257-6587-6765-2323-356-3630-7209-6088-2687-3374-7073-765-5325-186-6383-7468-5242-2792-6512-3980-3949-2189-650-3322-1444-1946--8001
78 32108.614 1440 8001-2949-5248-1117-4718-557-6223-4248-5240-1663-1324-5948-1049-4100-1353-2038-4436-3432-3121-2812-3570-5816-5069-427-6354-6070-5543-120-2809-2094--8001
79 39461.336 1690 8001-2954-3314-7393-5011-3299-672-4050-5597-958-6937-7697-1318-7975-6599-2553-6662-5110-3208-7079-1697-607-418-4689-3874-4335-4515-2476-303-1021-6797-518-3381-2619-751-1105--8001
80 70739.586 1990 8001-2980-7247-3720-5111-5614-1477-4164-4477-2899-157-5783-5635-846-3659-2475-6336-6446-7818-3982-2559-1172-7405-4179-5411-6199-6152-7817-3805-5131-2092-7831-3707-309-890-3918-5615-7109-4141-1190-1980-4419-4518-3546--8001
81 24401.344 1990 8001-3011-3085-7659-6741-5465-1173-4408-7205-7791-3688-6845-7173-7187-6371-1263-7321-932-14-2585-256-5736-1363-3161-4595-7908-283-6360-7090-4535-2730-235-881-2016--8001
82 29127.291 1912 8001-3028-3748-388-6519-7341-5204-2310-31-1153-17-6672-3634-3226-2160-5657-4812-1453-5412-6007-2903-5463-7567-1557-6681-862-3202-6778-7745-6149-4545-1675-6658-4266-5156-7151-7171-755--8001
83 22095.952 1971 8001-3118-5855-3843-2473-4005-2438-6802-7709-7878-382-436-1519-2492-428-5853-7823-3303-7740-1210-5721-7552-1840-4120-620-5549-6723-4149-1690-1509-3490-5756-3967-3990-6516-7376-6019-7946--8001
84 33659.268 1848 8001-3120-937-6213-616-7235-486-5673-7233-3297-579-2033-4082-3058-3250-1927-5949-1222-4699-7584-7319-2782-57-2114-7870-5997-2689-7875-3279-5532-982--8001
85 29389.252 1957 8001-3142-3840-2058-7820-3227-3471-6896-6799-3756-1138-2967-40-7858-6833-6527-6595-2245-5459-3876-7116-6003-4930-1522-3461-5815-5279-6657-684-5823-3375-3140-7299-7077-4389-2206-6761--8001
86 33234.704 1110 8001-3174-4507-4648-6458-2830-4511-1397-580-7993-1585-2021-6690-6412-5107-1773-7542-2604-4203-1617-7856-6271-712-2502--8001
87 27558.480 1994 8001-3198-2210-3378-4277-1102-6597-7070-5981-4106-4586-2409-6579-7279-2931-65-5434-1848-3463-5880-4326-6453-1303-1698-5960-5941-2494-3251-2484-6769-527-2802-5984-6499-3798-4889-3552-601-5012-1845-2025--8001
88 29926.327 1999 8001-3285-7921-3426-1197-1365-2119-2610-1674-3077-152-896-6432-4893-5484-2981-3731-7890-1568-7004-7689-7161-5631-6949-7139-5765-5725-3201-5286-788-3896-552-5800-4556-1664-3494-3930-7750--8001
89 16824.387 1938 8001-3293-920-2264-6291-5346-262-7064-5417-7384-1842-3130-84-3029-652-5124-2861-1858-2052-6999-5244-1826-2808-6166-4605-3551-3119-3069-413-6399-1644-631-7935-4178--8001
90 31520.554 1952 8001-3304-1228-3068-888-6830-2650-7003-5186-2686-6051-5159-4020-447-682-5636-5076-2325-2341-252-6909-2238-98-2620-4685-4519-56-2673-3607-5536-6700-907-928-4416-7797-4822-7089-2159-2261-68--8001
91 38740.321 1714 8001-3317-2359-4868-6898-7490-1959-42-2520-7881-3212-3148-3341-7520-2601-4447-678-6744-473-1494-1543-7481-23-1562-3678-3021-1376-1224-3518-6903-2124-3667--8001
92 42096.570 1815 8001-3328-6311-5427-4607-6211-2599-6084-793-3931-170-1890-7626-4574-4487-1713-374-503-7254-5714-5978-7612-6486-7827-6750-3309-1025-368-6280-2800-7011-261-3257-3449-5864-1566-4881-3159-2798-7684-6860--8001
93 11977.785 1595 8001-3333-1073-5607-1504-44-247-3415-1064-6269-5576-5117-3460-7578-4561-2379-2615-7957-530-1458-6381-3462-7667-491-5675-6891-409-5301-1501-369--8001
94 56254.595 1996 8001-3334-1181-2678-1755-7049-7255-7253-2516-7772-1651-617-5458-1439-6689-7563-5992-3998-1642-3737-3321-1242-425-4695-1371-7609-4038-7942-5755-1237-6188-5097-4711-1999-1251--8001
95 53111.460 2000 8001-3369-79-7983-4653-7699-7649-6789-5433-6042-2149-3428-1440-201-5205-4848-6805-7842-172-4081-6146-6560-2289-2440-3412-4752-5667-5788-4886-4108-7664-6460-4821-3903-7153-4359-3103-5621-4804-6925-3640-3655-2986--8001
96 23405.698 1859 8001-3422-5768-5022-4186-4501-7142-495-5926-341-4133-7989-7771-6977-4756-3020-3666-5996-7354-1816-99-3470-1742-4192-5539-5991-6624-7755-865-930-3885-5915--8001
97 14401.644 1508 8001-3448-7104-7265-4058-7118-3822-843-5164-1633-2255-6997-3913-4343-615-4275-4912-7547-6164-7330-7088-2001-6813-7467-782-725-7554-7433-7126-5832--8001
98 13865.876 1966 8001-3477-697-3976-1707-5647-7851-7117-5562-3995-6467-4369-6208-6056-5822-2523-4997-5155-4667-6944-165-6457-2180-7284-990-3203-4582-279-5225-6301-3567-1921-1349-3675-5219-281-7428-3453-1158--8001
99 26277.481 1947 8001-3489-5894-5464-4405-6245-6697-5559-2515-1802-6378-5292-3301-1850-6604-6388-3557-6712-5045-4963-4241-864-3175-7721-6904-7611-2287-5365-1283-7377-4520-4262-3878-211-5937--8001
100 32725.489 1693 8001-3491-3486-5415-6168-3681-2944-7952-2062-7718-4656-1123-5030-6454-2709-4350-6332-736-3193-5513-1325-7786-1893-2655-1910-2329-1017-7514-1806-3117-82-5875-6710--8001
101 20279.898 1989 8001-3569-2926-3983-1090-4724-6275-5693-3032-945-1176-6195-7777-4847-1414-7086-4853-2376-770-5181-6691-4723-2377-4260-5492-2757-5888-2138-590-1048-4161-7164-3728-288-4282-1395-3097-370-3015-2862-2171-4566-3598--8001
102 43220.073 1999 8001-3588-2531-797-1209-6089-3958-5489-5886-5220-7775-3305-7334-840-4920-4857-6475-7959-3857-5940-5437-6010-3906-5032-3075-1632-5435-7488-1963-7869-750-3544-3493-1592-6400-3703-3596-6045-5671-2859-7046-608-2519--8001
103 16889.975 1863 8001-3590-7322-2913-2272-3376-3627-5695-7560-2417-4368-971-5387-4676-6966-3401-3055-3166-627-217-2848-7208-6676-1084-3205-4418-3061-5272-148-3863-7140-1500-5658-5722-1194-1282-6348-7848-4852-7424-5039-4407--8001
104 35351.415 1924 8001-3624-3617-363-7545-7802-515-6227-5273-1881-1476-6823-3836-6243-955-6987-6798-1014-7796-5766-443-7845-4454-3088-2645-1177-2774-3397-2201-5188-6418-2403-3143-2891-2587-5923-7416-6593-916--8001
105 22503.433 1521 8001-3669-4554-7429-3654-7746-6322-1108-454-6838-7647-5376-5844-2989-334-147-5307-7275-7308-7388-7395-7624-1360-4629-3389-492-4482-15-5072-1789-5394-2383--8001
106 33960.359 1995 8001-3673-6620-2991-6191-4349-2546-1285-7627-810-7806-4688-5410-999-1965-7034-7496-7679-5698-1062-1660-232-6875-7013-5531-754-1730-7788-5254-4194-1760-4769-1100-393-3971-6636-7423-6479-7603-825-6333--8001
107 42296.654 1980 8001-3683-5345-4299-7182-4774-1246-335-3565-2288-6933-6027-4180-2331-2486-41-6020-3928-3295-6678-7527-818-1095-1957-2883-7962-2057-6238-1160-4099-6026-6226-2050-4114-2040-4128-6654-3455-6970-3684-2452-5456-7469-6746-1256-5958-3007--8001
108 20976.920 1202 8001-3715-7764-7925-3482-7448-5688-3137-1141-7495-7947-2432-3910-16-2198-4237-7359-553-4185-6917-5703-4936-1091-5358-4346-5316-7910-215-5198-1822-6173-823-7050--8001
109 41435.545 1940 8001-3717-3804-496-329-1547-3644-7218-6751-6748-6017-5388-1033-705-7108-5184-4546-6267-5094-7303-7273-4370-2596-5598-6884-2307-1464-5524-2958-5385-7009-5924-5250-5796-5215-1413-7641--8001
110 15132.260 1941 8001-3758-479-6603-5386-7345-2155-4921-7326-5548-466-346-1803-4337-6698-3271-4353-3828-133-5360-7415-2894-6980-2648-5973-4428-1449-7456-258-3458-2603-5007-2957-1359-5747--8001
111 26874.867 1524 8001-3759-4887-5542-7461-4619-6345-3571-2375-4347-3827-3925-4351-2400-439-2127-1293-3639-1496-4198-6316-5442-3940-5253-742-3187-550-3107-241--8001
112 29603.678 1996 8001-3823-266-3488-7557-7651-5419-6380-97-1720-1997-1835-767-556-7508-3009-1549-1206-2591-6590-6001-3066-88-2173-3698-1432-5106-7517-3937-5625-4333-1003-7640-4558-1745-4232-869--8001
113 6988.402 649 8001-3853-5627-6703-2729-948-7860-5148-6433-4647-7938-263-951--8001
114 53290.530 1997 8001-3858-1778-2789-3469-972-7861-3898-7231-2998-4224-1143-4701-4839-2204-7298-1391-3238-326-6016-5276-1938-3622-3676-4177-3656-7574-4271-7850-1077-4204-3188-7658-3926-4315-1876-3133-2106-1134-2675-743-5289-1169-5995--8001
115 42425.920 1976 8001-3912-1133-7976-4367-1704-4850-7757-1146-2433-7765-5258-4448-4361-4226-4840-1182-1023-3894-3113-2747-4261-708-1069-1255-1373-1602-7787-196-6563-2308-3679-700-5994-5081-2229-1795-2835-4188-6749-6063--8001
116 25405.256 1881 8001-3975-4707-1140-6521-5447-5728-6514-1080-1261-534-4028-7965-5370-4488-6609-6353-578-4228-7399-6566-37-2024-5988-7826-585-4125-4882-3396-1863-1945-1412-1125-1716-4442--8001
117 25438.741 1879 8001-3986-7419-306-4288-1468-7386-4602-7614-4115-7884-7553-218-6464-6666-5870-5474-4864-3274-2020-4779-1962-7012-1011-3194-7487-1828-2082-6093-2885-4875-4129-6450-2186-1903-1645-6863-6046-5487--8001
118 30837.306 1964 8001-3988-1808-6696-4021-5601-2109-7135-5284-2622-1533-2183-204-5733-5016-6417-1061-7016-3952-7722-1824-7707-4702-7449-2945-2093-4623-2810-3865-5555-636-78-6159-4642-3105-7309-354-2950-2982-7368-1679-2988-3616-4136--8001
119 19360.132 1909 8001-4002-4959-7134-5741-510-943-3022-3106-3712-6921-4935-2974-6298-1699-2624-445-4748-7511-1029-359-1213-282-3584-7513-1873-7141-2813-1901-2549-278-1068-2979-7785-2932-4960-7736-7268-3019--8001
120 76296.633 1999 8001-4012-2754-541-4538-5202-3366-2714-1905-2566-2104-5831-2781-1322-5556-7365-3661-1985-4641-536-2469-6540-3024-4913-7857-567-5113-4451-383-4122-7339-1950-4425-2011-5033-538-3609-5059-6385-2061-2761--8001
121 60223.254 1866 8001-4059-7599-3403-3562-3614-899-1196-1217-324-2232-1744-2429-4376-4086-6253-1712-4831-4626-6801-287-1478-5226-6626-6985-7841-6387-6131-3347-4255-2616-7480-6586-758-7408-5854--8001
122 12533.819 1932 8001-4132-7074-5413-892-3147-2626-1288-7732-4891-3184-310-6534-1535-4208-3081-4434-2723-3261-2857-2115-6752-7954-5087-4019-1578-6169-2203-7985-1951-6489-5341-4435-7579--8001
123 20874.592 1738 8001-4139-3999-3962-5979-7129-3503-2156-7269-456-2055-756-275-3580-6230-6894-4742-4342-3080-2083-813-3789-3496-779-4621-6538-3273-7251-1447-3977-2581-2366-7751-676-796-33-3368-2748-3553--8001
124 39634.003 1958 8001-4219-7644-2514-7583-6361-7768-707-7731-1489-3721-688-3809-2820-5356-1503-1827-7333-6561-4687-1240-2102-6139-6906-5519-257-7998-3776-1772-7506-3352-2513-4061-7492-1316--8001
125 46772.940 1532 8001-4220-6445-1218-689-5928-189-2029-3555-7849-1579-1002-7220-4549-4073-6897-1459-7455-2609-5987-2925-6346-6481-5863-748-3306-5777-3855-7038-3447-4153-3946--8001
126 43027.449 1790 8001-4253-4118-4876-4677-3831-5004-3216-4445-6971-5679-537-4684-6828-5128-4035-3631-3922-4157-5291-6181-4698-3095-4104-3272-3961-6295-2166-2692-7778-1247--8001
127 31381.472 1966 8001-4267-7637-6389-6012-7960-5883-1001-5210-1265-4884-1216-728-4753-1567-3392-1739-434-7752-4757-5718-5079-7256-6437-2911-6161-4603-1874-386-3873-4824-3280-4284-7931-7896-1870-1974-5010-4704-3013-2208-1027-6842-1089--8001
128 31114.355 1936 8001-4293-1271-1286-1127-2679-7409-4258-2388-5236-4069-4970-5850-3206-4215-1443-7246-2824-2465-5726-6282-6255-176-6648-605-7754-4995-1841-1529-339-3618-426-7927-6762-7417-4682--8001
129 31589.180 1408 8001-4331-6008-2668-1065-7335-2656-1990-6490-2975-3526-6085-4249-3959-942-694-7523-1180-3177-1487-3794-7021-3417-5282-5357-2461-5055--8001
130 49563.877 1989 8001-4365-1168-6882-107-6631-3131-1183-5719-2909-4894-3457-5389-2738-4116-2518-7039-956-1655-3613-588-7813-1114-6911-4211-3481-3780-4854-5421-3883-7937-4811-6140-1819-1367-504-3197-53-122-5161-307-4154-1973-4961-2946-6136-4968-3424-2497--8001
131 17089.374 1994 8001-4438-4420-1159-4914-3772-3810-2390-2195-7916-613-1757-4148-1388-6359-1045-7883-602-962-744-2242-1497-25-3332-5569-7274-3577-190-5828-7325-4958-7169-1252-752-5377-5095-5036-5395--8001
132 35685.186 1910 8001-4568-7138-5426-7726-6887-7430-5521-7972-5602-7482-2005-3921-7194-852-3096-3824-3104-6469-4934-6520-3556-7406-6310-7351-1653-1093-7681-4142-224-4459-47-637-4048-2254-3409-2456-5527-6347-4397--8001
133 20565.648 1844 8001-4612-7510-4446-5060-783-685-3380-468-7840-240-4618-698-1564-1907-2667-5349-1070-6664-2278-5648-312-2008-7336-7546-1553-3156-3391-5884-7029-5603-1629-7874-4431-1202-5061-83-327-3230-1294--8001
134 39608.573 1840 8001-4658-7323-4221-4216-2041-5802-516-7971-2693-2220-4094-4171-6724-1623-5896-5247-5027-5383-3778-6352-2404-2296-1313-4357-30-1309-6035-1847-558-5748-6349-2004-2066--8001
135 38745.409 1984 8001-4705-2338-1941-934-24-2393-4782-4395-4264-7904-513-5422-827-5708-4308-4727-4939-3747-4018-4278-7692-545-6739-7532-1340-155-166-2897-5897-7808-5179-2870-7177-2929-5504-7446-2125-1441-3377-4766-5478-5252--8001
136 10847.603 1356 8001-4791-1743-6220-2263-1234-1920-3336-2022-3487-387-4229-7735-323-4692-2134-1174-4222-1577-3911-7711-911-639-1834--8001
137 50335.741 1974 8001-4978-1253-74-562-2826-7562-4206-3592-7166-7075-6239-947-4542-6098-2315-5330-2051-7828-7331-5998-2142-4015-1382-6337-4712-7580-7598-6695-6577-6688-3864-1066-3010-2910-2943-3953--8001
138 29345.757 1854 8001-4982-1719-7259-6745-2892-5789-1427-7704-6722-5029-3092-3880-5838-3753-2464-5990-4497-7800-6260-2732-4009-5571-611-1165-4080-1837-1008-7006--8001
139 58819.139 1862 8001-4992-6138-7837-7407-5839-3852-1277-3933-1379-3531-574-991-3144-6192-7348-135-1791-819-6292-1355-4610-3343-3125-1270-4919-1232-577-5867-7296-4329-5954-5288-2319-3608-4750-483-508-2509-3574--8001
140 37136.806 1995 8001-5049-5216-5499-6663-4829-4225-7685-3427-3294-4944-2174-5945-5023-2700-4310-834-3641-7986-6058-5318-769-4121-7379-2184-7491-6784-2869-7558-873-7914-7358-2305-2488-5856-1884-7951-6777--8001
141 42676.982 1975 8001-5057-6876-4796-5228-54-7294-6865-3171-6791-6196-3006-6824-2103-3796-3783-1387-1107-5133-1170-5623-4024-3821-5367-1437-739-7465-6200-4851-2510-2803-6210-5547-7652-3479-7375-1482-4846-2048--8001
142 45942.813 1998 8001-5139-3407-5951-2273-5618-2877-5975-490-4633-6619-7232-1611-1259-3222-5629-6627-939-4404-2985-1762-832-875-2318-6396-488-6079-4916-2095-1416-3597-7798-7037-4555-4413-985-4635--8001
143 39668.322 1992 8001-5162-7063-4057-7526-6099-2607-5191-2842-6143-5520-1013-2334-1770-3217-5727-7570-2498-5449-6104-5644-195-4165-2333-4439-2154-2964-4954-1129-5757-5119-4485-3651-4170-3400-6262-2054-6162-5025-145-3914--8001
144 37375.474 1978 8001-5173-1573-713-5964-3387-3414-5835-2993-4169-5393-70-6715-6172-6278-131-6407-671-7444-801-5174-4281-2445-4731-4596-3183-1603-1922-1128-5709-1136-871-3472-5806-6212-2851-1616-7996-2085--8001
145 72361.337 1997 8001-5190-7152-2708-6047-687-7963-859-2003-3845-4951-1672-7056-3568-6591-1405-2373-7519-3231-3446-717-3706-4318-7773-732-3978-3410-844-696-630-4898-2621-1724-1776-6868-5371-7157-3361-4604-6818-1836-806--8001
146 48755.410 1969 8001-5245-1527-373-7653-4639-458-4563-3112-644-4320-4838-7091-5445-2879-7258-3800-141-7694-4424-6576-5233-7873-5651-1012-6523-1506-6258-4740-6189-3480-6216-5018-4076-3593-5306-664-6318-7214-7753-2279-3989-3993-2199-5326-3785-5038-305-5885-2535--8001
147 36811.310 1788 8001-5304-1970-1768-1147-4184-1683-3220-7999-1467-673-591-2368-2780-6423-7053-3900-902-4045-2037-4380-5814-5218-6219-7102-2951-4713-3506-5428-6967-3051-4946-2817-4627--8001
148 35881.122 1782 8001-5408-2652-4907-6473-2192-5267-3781-2955-5243-5134-7497-3434-3456-996-6312-2828-5761-7347-6097-3708-4382-5985-6975-7512-6113-4938-1404-3063-4265-5472-3932-5515-5938-6731-2018-3532-7180--8001
149 64644.021 1999 8001-5416-2507-6878-1219-2381-4092-7442-6506-6300-786-5792-177-3733-2478-3030-4339-2487-3694-5221-2267-6910-6718-2697-839-4-6602-1396-5684-6416-4908-4472-3240-395-1678-2437-5575-531-2787-6080-1310--8001
150 42397.597 1756 8001-5452-791-4493-6550-1969-940-7466-4324-7964-2035-3549-2457-3135-2715-5572-3114-5530-5231-5324-5578-7489-2773-1879-978-4181-2972-1926-2357-360-4043-4000--8001
151 24065.829 1880 8001-5470-7027-876-4107-419-3262-6867-560-1154-5545-2527-7761-4406-821-4630-5127-6376-1057-2392-1956-3649-6264-4065-2740-4067-6415-4417-6513-761-150-6892-1718-1929-1621-5683-1473--8001
152 25147.179 1697 8001-5550-3511-5373-2282-3566-62-2670-3895-80-2090-1071-2936-6958-5443-5203-6422-4391-5811-7374-1992-4246-2564-159-641-4400-4013-5739-4449-3157--8001
153 22715.534 1980 8001-5609-1747-701-5310-609-451-4160-5453-134-2578-3218-265-3761-5187-5662-569-4398-3086-2415-6815-7289-6296-5361-5160-6705-5056-391-3337-6844-4242-1054-6532-6874-4358-2971-5738-4392-7402--8001
154 29827.825 1915 8001-5617-6754-1785-6324-2756-4096-872-4790-6100-4394-6101-6544-702-136-4548-5502-5866-194-7008-7617-3648-1050-1687-2178-64-7868-5399-3854-298-1104-3856-3269-2079-7550-469-4937-2463-1771-1738-5965-3969--8001
155 43281.841 1529 8001-5620-7172-2593-6558-6650-7447-260-1981-1016-1455-5780-7779-640-4584-5446-1748-7566-6610-2634-727-2785-1648-2858-4823-5067-4732-669--8001
156 65658.639 1987 8001-5633-866-7119-1612-2387-1493-7581-7332-6478-6186-7923-5966-3180-4632-2662-3743-1037-4444-3632-7776-1118-528-2019-6386-6331-3290-2669-450-3076-5271-2091-7756-547-2771-953-1800-5046-2661-1269--8001
157 41644.179 1963 8001-5643-3621-7414-663-5881-6498-3468-6505-7434-76-5947-4787-4613-7622-6401-2704-1499-6421-4422-3154-1746-2947-4827-7795-4393-3693-6391-7040-6482-681-3360-7698-3700-2235-2444-7084-2225-5488-1074-6314--8001
158 17498.889 1318 8001-5659-5147-6643-509-5898-6954-4825-117-2558-2010-7995-946-4191-380-2952-1552-1086-5645-1448-119-6393-5058-5743-1350-1508-449--8001
159 48875.531 1988 8001-5705-4514-4111-3727-1490-5723-2887-7337-5565-1811-5665-3819-5098-7310-188-4175-2087-6150-3073-7628-3523-4759-7948-5574-3214-5436-5518-4957-1542-1798-4771-3141-1287-1433-4671-2007-2726-1434-3200-2572-4883-3997-1949--8001
160 47202.549 1977 8001-5742-4236-5887-1040-845-4585-2705-7266-6491-5610-4295-7342-271-3370-2034-4814-4113-4988-1220-4655-7822-1731-5999-6630-1122-7922-4006-4789-4423-874-2904-1787-6335-6207-5910-1740-6600-814--8001
161 54152.619 1977 8001-5744-6794-2446-4303-4592-5876-7864-1384-7257-4767-4166-268-5541-4126-7733-7287-3943-5737-1638-3123-6370-6575-5906-2928-7184-481-897-1721-2176-7475-1696-4042-2424-1142-2600-1112-1498-2908--8001
162 25114.980 1960 8001-5764-7758-7763-3209-2068-5300-2628-3331-4466-7474-6487-1280-5786-179-5809-4332-4609-1680-2412-1131-5851-900-3696-72-970-2560-3223-6069-5795-2915-4522-6005-5909-7411-7663-2834--8001
163 39706.735 1978 8001-5798-7243-7100-3510-2471-4004-7472-836-7192-7936-7597-2712-4217-3892-336-5583-60-5957-1587-5454-3248-5686-6567-6021-833-2592-7789-470-2608-1885-5180-1750-174-7582-7019--8001
164 30978.181 1984 8001-5899-3067-6727-2860-6740-6665-5347-3509-2671-2161-4533-1723-3936-740-2907-4388-5476-1804-4072-6814-2852-597-5037-5711-5090-1430-1923-3168-2612-463-3704-2110-178-4036-1488--8001
165 15166.928 1985 8001-5901-4348-3288-2722-4283-4873-539-6920-2791-4902-7616-6549-3357-949-2321-6847-757-2541-7463-3635-1722-4906-7805-3901-92-6009-6265-7792-6594-2766-568-7241-6542-2026-6993-4984--8001
166 34958.063 1983 8001-5927-4663-1366-4465-5112-3040-1472-778-7128-6922-5295-3390-3435-4551-5689-2027-6217-4859-7281-5129-3628-555-7025-7528-6066-358-4134-4965-1904-7229-6112-5321-471-841-1654-5750-2345-4529--8001
167 10107.808 806 8001-5932-350-4567-749-4060-143-142-3718-7902-4634-498-3199-989--8001
168 18951.112 1664 8001-5935-6137-1007-7602-6246-2647-2150-3079-4484-7000-4693-6649-6237-1082-2713-3945-2840-1561-6218-1595-6612-4496-5209-197-3711-3849-4039-226-2653-5599-1715-6254-5451--8001
169 9504.696 1133 8001-5980-4565-3665-910-3536-6365-6395-1347-731-192-7031-501-3213-5606-7502-6846-5791-7239-5317-2111-6107-3038-1425--8001
170 53219.995 1995 8001-6030-2867-5661-2895-7188-2542-1982-3109-2849-4772-5690-208-7400-7568-1279-5486-4056-2901-3964-46-2168-683-2236-7043-4079-6023-5277-5834-634-7372-1374-3078-5608-7114-4797-6940-7370-2818-4680-2219-1896--8001
171 39619.395 1972 8001-6039-5432-2811-3441-895-372-1908-3744-6411-5414-4803-1357-7660-5652-371-6766-6707-2517-629-6261-3207-96-4087-815-4189-6984-1241-7794-7886-4570-4201-2281-1484-5153-4842-1381-4994-6758-2297-2002--8001
172 25050.768 1984 8001-6043-1124-1185-7020-1179-4878-81-3181-127-1116-804-2763-2695-6963-7261-1618-5820-6783-1598-6716-1193-105-3026-5224-6924-7036-6183-3204-4098-7080-6121-5967-478-2190-4715-7713-4003-3879-7905-1191-5175--8001
173 18891.873 1957 8001-6067-1942-1912-5062-856-5167-6503-1625-5468-6531-2181-2905-6646-6414-4631-7127-6420-1737-7071-2328-5496-7564-3244-1119-1205-399-4190-7623-4940-5227-3162-4390-3430-7124-4649-5514-5735--8001
174 28587.232 1846 8001-6073-3224-5873-5713-1868-1888-563-5088-2796-227-5638-3646-5149-1139-7042-7705-5666-4147-7121-593-6065-7017-3160-5384-5911-1171-3768-3513-4909-5840-5821-5332-1570-5256-2023-2108--8001
175 54538.955 1838 8001-6110-6466-3702-4291-1492-2956-1661-5150-2576-3034-4885-2396-2275-3254-457-365-2960-7401-1155-5390-5309-3342-2779-5544-6916-6885-1689-5847-6686-1851-3619-3057-1225-789-622-3379--8001
176 22027.482 1968 8001-6129-1307-7853-2100-3981-7162-1911-1539-7190-6976-2536-6747-7306-5170-5461-4690-4011-1917-2632-6124-1229-5091-3754-4964-4516-7661-917-981-3388-1606-6996-3542-3868-829-1148-3060-2914-4694-7427-3767-690-1009-5217--8001
177 22732.420 1812 8001-6228-954-5807-6014-4793-4150-2573-5251-1436-71-855-5624-5176-5934-6683-4544-2197-7197-276-6908-5508-273-4468-6995-4143-4638-7899-3318-5729-604-146-6413-4066-4799-733-889-4869-379-5082-206-5845--8001
178 16411.944 1962 8001-6307-5731-6306-3525-3134-58-3229-7852-1556-6559-497-6580-3682-7199-4355-3508-3734-3803-1085-4949-2121-3149-1958-3572-5694-7933-7252-7264-1408-1375-1435--8001
179 48767.487 1633 8001-6330-5972-3236-6806-2439-7438-95-7065-6998-3835-4296-3516-5382-4441-2755-2994-1532-49-1916-422-7958-7700-921-5257-4411-7678-5312-2804-3826-1400-1452-1244--8001
180 31275.735 1794 8001-6362-5691-2579-366-1215-1521-3601-4307-787-2385-4301-2080-7956-3576-6052-2401-716-2402-2618-6585-1779-7361-1984-3-950-1998-1936-5612-6960-2301-6701-2890-104--8001
181 35392.333 1998 8001-6424-2076-4598-1856-5605-6283-6373-7677-2312-2875-7007-775-430-6992-4651-506-4835-243-4622-5165-7371-6546-4738-7725-944-7505-1031-2841-3122-7825-4049-7249-5799-4119-4053-4280--8001
182 37816.611 1997 8001-6485-4739-6132-4975-2122-1483-6436-6074-4773-432-6076-6986-6552-2086-4372-792-3534-223-7282-3344-2311-4614-1030-1569-2256-4077-968-7982-4923-1370-4650-2-1780-4778-4513-2629-5759-2940-4187-884-3404-3195--8001
183 31536.060 1991 8001-6522-2257-2078-4437-3242-7665-437-2776-5043-548-4617-160-6251-5334-3132-149-321-675-1820-5670-3735-2228-5144-4956-6103-2500-1362-3807-2512-1094-2769-4517-5971-2688-7769-5158-1688-987-2939-6013-6170-4917-351--8001
184 21756.639 1802 8001-6525-7349-1693-847-4807-4430-5716-6062-3882-3127-4145-3438-1852-2172-1821-405-5890-26-2237-1385-7803-5008-1867-7387-2283-2482-7110-7672-6959-7222-5481-1056-472-4856-2658-3752-2561-1793-7741-129-4877-1019-2751--8001
185 49882.807 1977 8001-6608-3418-3283-4300-4571-3284-6178-7710-4747-6086-7593-1457-6286-849-647-1389-1855-3265-2483-3582-2490-6408-7283-3671-2015-6524-362-5329-6780-3653-6755-3064-7898-6091-2528-831-4489-2216-2684-1442-977-328-1823--8001
186 23727.793 1975 8001-6616-2448-6771-1231-5829-5141-2775-5961-2248-4492-7420-2639-3862-7669-3643-4974-6160-5125-7439-1953-5974-926-6263-3420-438-2299-2194-2594-7629-3492-3732-1034-3817-5668-1199-7193-4708-4433--8001
187 15704.630 1698 8001-6621-7943-692-1311-7912-1589-680-2745-4783-5093-7843-2525-5163-4952-1935-7530-161-6356-2595-1063-3291-89-3636-7201-3813-6092-4481-1583-544--8001
188 21822.838 1971 8001-6684-3292-2322-3515-5085-7829-2533-2995-6224-7551-7541-7894-5955-1895-3233-1829-1909-6831-7320-1151-6061-2196-2920-1700-5263-2480-3354-3383-210-6888-5859-4808-3062-3048-4263-2193-7174-7928-6461--8001
189 41455.034 1847 8001-6759-7015-357-738-7816-4922-6148-6427-6973-4089-6197-7812-4569-4681-3094-3871-5902-4498-5925-3258-7549-5137-2680-4383-7867-7988-6147-5919-401-4925-5592-2074-3658-6671-7790-6153-3674-435-3192-3740-4815--8001
190 48050.326 1993 8001-6803-5877-7382-3524-5842-2659-3001-6659-4816-2361-5959-6764-706-1053-7621-1407-3583-3478-5558-3264-3929-6028-6848-2070-3439-780-5073-6206-7631-1928-4820-4290-3600-2968-6492-724-3514-7590-6693-5849-1383-230-2117-7452--8001
191 39753.319 1959 8001-6826-5115-1812-5642-4861-6105-1189-1560-6493-259-734-7198-2665-6244-2239-6156-3170-7969-412-7716-489-1200-1236-7052-110-5101-4243-2547-1684-7122-4304-658-6592-6812-7154-3820-4675-1275-5002--8001
192 34514.930 1999 8001-6855-1831-7340-4033-5680-20-2250-1059-7106-7189-3445-2046-3384-3158-1875-2613-7540-7425-2833-5380-691-6252-633-1933-1634-4503-2462-355-974-4608-7390-3581-255-2215-1880-118-191--8001
193 55011.298 1603 8001-6901-903-908-6763-1211-4660-581-1047-154-2898-2706-2449-4117-7095-1426-2902-3433-6988-3228-173-6767-3647-5637-5-3842-4213-1541-3351-7619-3818-2337-6726-4591-2557--8001
194 9766.097 868 8001-6941-2044-3431-5323-2285-4977-2590-144-502-6673-3869-7312-6024-2764-7815--8001
195 24682.392 1980 8001-6943-7288-5916-6497-7271-6225-5517-7176-1505-5604-3451-7984-3701-6837-4319-5084-2511-5784-7589-6302-7048-7314-1393-231-4029-4594-4709-6175-6108-772-2060-7432-2614--8001
196 17763.810 1838 8001-6981-745-7727-5287-3950-976-7683-863-1480-416-5538-6926-1631-2339-7913-5260-1784-4659-7002-7882-345-4227-6462-7357-6510-7706-3604-7901-746-7477-433--8001
197 27213.871 1507 8001-7041-4670-4151-2503-7643-1650-1421-3339-1041-5704-4176-264-5567-2948-6087-2642-2551-3287-7373-5889-4041-313-6728-6972-3944-4458-6309-100-5579-7367-2405--8001
198 14036.635 1485 8001-7047-7503-6614-6827-2973-891-7780-2314-4967-7847-4063-3539-3725-3741-7893-3475-6536-7101-4325-3338-6256-4837-3788-2969-7364-4362-763-6565--8001
199 46380.634 1996 8001-7067-2485-7362-5882-1682-3564-404-3541-4429-6893-3315-4234-462-3014-7673-4313-6569-5632-6889-5359-1164-1015-5425-3782-2224-2660-4047-2728-4943-507-4918-7130-1635-5692-3405-6787-4131-6130-660-4384-935-4502--8001
200 42265.916 1987 8001-7087-4973-6273-6054-2472-6738-2584-4904-6221-3476-2844-3603-807-4471-5830-3838-203-6639-340-3266-7635-5566-6293-3043-2146-6864-2749-6668-2350-2252-348-403-4924-1832-2788--8001
201 35445.435 1776 8001-7092-3560-2961-7059-3970-2327-2654-614-6501-3406-5196-7537-3035-3533-4093-1392-2397-2941-285-1756-7143-6581-5450-7099-1861-2354-4183-1208-2441-1507-5969-3599-6605-686-1036--8001
202 25461.394 1869 8001-7131-4600-1342-6158-7577-3042-1734-666-7650-2540-3795-250-1284-394-6872-4903-2167-6817-408-5206-4866-5298-1419-6551-3652-397-7885-1525-2646-5363-2638-4193-5580-4996-3165-6259-7909-7353-3474-5051-979-4452--8001
203 47475.153 1999 8001-7165-599-2032-886-5199-6714-7723-774-4564-5826-3307-2266-322-7291-1402-6782-3887-6725-5740-4292-3243-4341-5535-2930-1512-7123-1333-2831-6618-1735-3866-1092-6339-2717-6496-6968-423-4474-3920-2435-6425-4764-4628-3938-5779--8001
204 57145.857 1978 8001-7227-6548-7932-3359-7094-4158-1954-6843-7498-2868-6857-1518-1537-3173-1187-3575-32-5584-2258-1620-764-2876-7355-6327-3960-4218-4669-1582-300-626-5457-2878-4231-898-1520-2758-867-3991-6215-7900--8001
205 47968.054 1983 8001-7245-2182-4030-4763-5986-7356-5857-3994-333-5676-5197-1948-7903-7671-344-4979-2623-2873-5406-1223-3072-6947-1312-2200-5005-214-5274-2489-1161-7350-3059-90-2710-6484-2009-1335-1759-337-3350-1752--8001
206 18283.161 1711 8001-7313-390-2358-7196-1281-4210-162-219-2454-3908-703-5440-6796-4733-2786-582-3905-4124-1665-3881-2924-1681-6572-6111-5192-7159-4135-2179-1319-7703-7453-2343-7158-857-6235--8001
207 22715.177 1929 8001-7366-1060-5557-7507-5374-6839-6711-632-522-4541-4001-5208-4274-7058-2259-5120-2089-4345-798-3723-2133-2694-5169-2504-1291-7-6974-6094-3559-5138-1668-6915-5232-302--8001
208 51064.813 1984 8001-7369-811-5015-5699-6545-3897-5769-4285-4140-6118-4340-6928-7865-882-5936-7941-5019-2674-3252-600-2056-6299-4926-6441-5613-171-1626-7676-7918-3705-795-7670-5685-7280-2938-6290-984-5467--8001
209 24563.815 1506 8001-7404-929-2927-4786-1188-3610-6115-3537-7819-4802-5404-7586-6547-5462-101-1495-2762-5956-6109-709-1550-5946-1839-1398-1940-4714-6229--8001
210 36298.485 1971 8001-7464-5068-6279-554-670-3182-5878-5813-5953-493-2380-3091-887-3793-729-2298-410-392-94-5423-7978-3875-1336-7221-7441-2641-6190-1020-7783-6907-4788-311-7674-6329-7639-2165-1705-3367-4475--8001
211 22328.828 1881 8001-7476-5646-1786-4322-6717-7632-7846-3760-7454-7555-407-3189-6006-35-3349-7026-5105-6326-7028-3423-1096-1733-6472-2442-7186-5353-2567-3689-3965-4064-4735-7270-1902-6209-4162-213-677-6123--8001
212 34977.406 1546 8001-7544-2942-6044-3464-2770-2742-3586-4071-6328-7148-3589-27-1257-3808-5241-7175-7724-7170-566-123-1239-4401-6951-7078-6029-5918-4257--8001
213 48074.120 1963 8001-7548-6274-3626-6205-6509-1076-5516-4469-1250-6900-3657-2731-3606-6574-575-662-5588-1186-7145-7655-6919-7010-7396-4950-2099-679-1058-2096-6775-3052-735-7381-6444-5296-1111-7147-482-6945-5006-5261-1075-3093-2916-4686--8001
214 42256.325 1801 8001-7575-5142-511-1710-7588-1658-7060-6015-4205-6543-3527-2633-2069-1932-3729-3363-3797-2231-4268-7389-6144-4813-2987-2042-175-2394-5483-7809-1584-6277-6708-1918-6804-6508--8001
215 72333.346 1908 8001-7784-3286-5895-3951-4646-8000-2555-7911-1145-6770-2778-4599-1796-28-2157-5211-6871-809-7990-3775-459-126-3893-7702-6930-3473-5278-5313-6222-6578-3650-4860--8001
216 11377.077 1507 8001-7807-2565-7290-1637-3326-7098-3585-4953-3232-5872-4931-594-1676-1052-1044-1526-5561-7155-7930-251-2493-6553-3436-270--8001
217 34787.267 1999 8001-7897-5563-332-5551-3402-3498-3847-3087-7005-1005-7940-3296-319-3263-667-2209-1530-2113-4167-3504-5560-4624-2816-2643-6018-1708-4928-6494-3664-1736-3916-5554-904-6452-7097-927-6350-3558-6623-6879-4666-3056-3947--8001
218 44811.317 1860 8001-7929-7525-6187-7211-4386-6154-7968-2855-2992-1429-7445-3573-2294-4495-7987-7945-6480-6325-7949-1364-1960-2030-7033-7536-6059-6978-1087-4523-808-5762-5751-3178-4085-6410-4761-6517-6768-3787-6961-222--8001
