total_number_routes=235
total_route_len=6238438.386
#rnum #length #load #depot-#customers-#customers-...-#customers-#depot
1 43054.771 1541 8001-50-4601-7465-6880-2012-7363-717-4810-1877-1663-2725-2167-2403-1303-4402-3292-1498-5658-7033-7463-3234-6261-978-5417-673-3680-5519-1639-7108-1903-3522-1158-2724-5151-2996--8001
2 43502.094 1994 8001-103-4220-5394-1693-7962-7872-218-2506-1520-7259-6121-3675-7265-3410-6916-6834-770-141-916-4861-6299-7021-6110-4417-4708-2084-379-96-1642-4638-7123-5922-3729-1962-3718-5093-722--8001
3 44769.392 1944 8001-253-2709-2052-4639-188-540-7395-5020-7437-4666-7799-2680-6251-3092-5135-2138-983-2140-1007-7767-1618-3325-223-1571-4412-5775-1726-1974-2027-5920-7185-762-4382-4895-5808-1209-3765-6176-4679-3803-4286-7714-2995-2399--8001
4 60461.043 1992 8001-1544-2569-7833-1329-2146-1911-4397-2628-5604-408-5756-5073-6574-156-1794-7492-1827-3997-5361-3562-6637-6482-6298-7589-1972-769-1094-4301-155-2265-3211-5758-190-6621-643-1294-1836-3439--8001
5 17773.010 792 8001-1752-7720-1957-6486-2253-3688-510-6433-7586-2866-2526-1820-5414--8001
6 27080.993 992 8001-3692-7205-795-301-6312-519-5124-5723-5968-6963-2004-2542-1297-5411-6955-4936-4585--8001
7 54253.193 1942 8001-3867-7328-1399-716-2907-850-4959-4329-579-7020-102-3423-2372-6544-2519-5997-4269-3036-2622-6410-2272-3616-3925-587-4913-3358-182-1439-2990-5116-2558-6453-4047-2078-3757-7385-7337--8001
8 34569.530 1890 8001-4566-573-7558-2752-4526-5855-5780-1357-4393-5060-4273-268-6319-3963-1278-6187-7551-1284-2661-6655-3220-4538-3713-5032-5461-671-7860-7090-5034-6026-461-7345-490-6141--8001
9 47977.406 1845 8001-4646-796-3461-3240-5328-5529-6706-5255-3304-6470-3306-5404-3160-2493-1524-4909-977-138-4215-164-7600-549-6848-6375-932-6152-2194-1894-2070-996-6515-692-7299-5354-6253-4767-2614-2706--8001
10 13845.619 96 8001-5235--8001
11 26836.704 1333 8001-5685-3081-513-7615-6004-2917-1680-6210-2192-4829-3371-1134-1849-3727-1455-1185-825-7440-4785-4715-2920-6310-1631-5183-7444--8001
12 49079.552 1929 8001-5905-2087-3457-2154-2356-1169-943-2115-5596-269-4723-3486-869-514-382-3226-4112-5749-1058-543-4264-5641-20-6209-6688-2664-889-333-1019-2578-1896-6618-3955-4258-6744-979-4898-2046--8001
13 21785.803 1569 8001-6284-2464-937-5759-4042-1248-860-5646-7708-6183-4568-6446-5048-728-6510-2599-1707-1433-1690-3381-1952-263-6635-655-5513-4190-3630-2522-4108--8001
14 23809.915 1481 8001-6497-7875-2193-6049-2210-1569-2066-7156-6546-7917-7056-3816-4881-5869-3095-5643-2999-5686-7097-3180-4110-1700-6522-5357-3708-7219-2349-6219--8001
15 40893.748 1869 8001-6664-5200-2964-1800-7402-5956-1356-4580-4656-3186-912-4883-6590-1919-7994-1396-2408-1423-3471-5860-5944-6426-7387-4386-5691-6131-2756-7900-3214-5279-7446-3979-7495-1347-2305-2782-1411-3088--8001
16 33444.327 1369 8001-6844-2380-6006-1515-2851-45-5897-5142-7654-3212-6424-2633-1273-4955-1582-2061-2800-5294-6427-7230-6906-2646-4532-4681-32-4626--8001
17 26611.453 1232 8001-7870-5982-6587-2436-1096-7538-7906-5454-3150-939-6035-154-6565-4321-3557-3028-7036-1253-6709-4697--8001
18 23876.858 1971 8002-229-7768-5492-3031-4661-2450-5223-1588-1036-2994-1014-7981-4906-1632-2802-1397-2552-2609-2175-3795-7065-5049-7247-4089-2088-4721-3314-7938-3409-4884-4693-5069-1233-3678-6151-363-6894-4454--8002
19 15929.728 1896 8002-281-4780-4146-6405-7478-8-3337-299-1216-6078-7129-4747-2201-4581-6126-1385-6005-7225-5145-634-1648-4203-3873-7182-1476-7280-6198-3204-5136-6841-4658-6733-1928-585-2162-3931--8002
20 34733.822 1999 8002-414-6896-3644-6115-4076-5593-4644-7410-586-2649-4969-5164-7216-6045-3207-7275-4591-7364-6577-6849-1818-7676-2121-463-3118-5667-7030-4807-7619-6877-7528-1791-3074-727-3462-1438-1272-417--8002
21 14527.668 1592 8002-507-6847-609-1246-2719-3034-7956-5996-731-693-5618-5320-7807-7634-2437-3301-4242-4509-7002-6861-328-3771-5903-5201-2635-6475-5106--8002
22 15035.608 1384 8002-581-5221-5379-6600-358-5558-4366-4356-5181-777-342-6347-4142-7238-4099-5101-1383-4553-260-1314--8002
23 19855.255 1970 8002-657-4157-4928-6393-1089-3538-1184-1335-1586-3699-3253-4174-4447-7952-6607-6754-4871-5964-87-2263-3123-3012-5278-332-7272-1506-2243-4836-3797-4234-2370-3561-2342-2934-3142-6134-5851-7503-3351-2751-1649-7340-4704-7609--8002
24 23812.148 1983 8002-922-1949-7355-2195-2498-1133-7737-2259-826-595-7257-7622-1093-6090-7723-984-4446-2945-7010-7244-3172-1795-6254-941-1012-7306-3620-7190-1194-4922-2598-4677-529-3791-2968-7842-6374--8002
25 11725.622 1682 8002-1041-2867-5113-3154-4641-7091-1547-4872-1468-4592-7571-3363-5029-6957-4590-241-349-2948-3467-3104-4902-893-1326-4682-5916-1856-250-1943--8002
26 24340.212 1928 8002-1104-7469-5040-613-1305-7310-3209-2927-4789-2553-6878-4340-4793-5503-812-7955-2777-5681-5006-6221-767-702-2395-7766-5312-1597-5440-6389-7382-3416-4033-371-171-7479-5171-5199-5432-4503-2353-907-7213-6015-6413--8002
27 14675.255 1013 8002-1604-237-495-6303-686-1948-6053-3295-6188-7236-3476-1643-2022-4894-4857-4262-6772-4977-169-4134-694--8002
28 19797.316 1847 8002-1650-3148-7293-5322-2697-1983-7412-5290-4619-827-1264-2056-3812-7647-5788-4842-7112-5449-4298-4716-1334-7696-900-7392-6785-4614-77-3353-4941-3058-4326-7047-5225-1530-1167-3943-6103-683--8002
29 26414.735 1934 8002-1725-6677-6951-6690-5487-381-3323-1986-6054-2073-2794-2975-1751-364-6354-7163-3705-5516-4794-1069-7866-4675-6821-4044-5466-256-6736-5603-107-6399-5245-5729-5153-2966-3281-7976-7744-7447-1319--8002
30 18277.709 1998 8002-1754-6886-3726-1721-5129-2899-152-1973-2977-4798-2288-4997-1275-2016-2859-3452-6142-6540-6825-6973-7332-681-3299-1553-4558-1330-4741-6601-2190-6650-5488-7417-3849-6228--8002
31 25910.757 1990 8002-1829-5120-2340-5617-4979-309-3810-6192-4945-6167-6027-1101-6719-2997-7448-2021-4946-406-467-5836-5963-7783-3377-2901-7692-262-5155-6305-2223-4954-2242-6239-7003-4565-3117-7516-4036-6139-5910-2234--8002
32 24073.682 1813 8002-1864-4312-4346-6402-1179-5942-5952-4216-5159-2257-1979-2008-5480-6235-133-6898-4777-3411-2949-2062-4415-6519-5043-376-28-666-1034-7045-709-3126-4964-6337-6843-7623-7277-1813-6477-4912-4628--8002
33 25354.851 1983 8002-2416-5280-6014-7633-3376-2153-205-6318-5727-888-5983-725-4860-248-6036-4893-4819-7788-4237-2734-2009-4086-764-5463-4771-2224-4891-2157-7674-4549-7716-5871-4593-2093-1337-1280-1182-4958--8002
34 22922.227 1610 8002-2546-5648-790-401-7068-556-7916-2086-6805-989-1860-1565-6724-43-6945-5762-2741-5597-4343-7206-392-3174-2611-4654-4192-1237-6616-5898-7928-736-3752-2296-558-3119-1548-4259-3339-6654--8002
35 15183.090 1977 8002-2647-2807-2065-592-1969-4295-5401-5407-1842-4650-5389-6783-5598-3760-1889-6589-7175-3994-3850-5030-366-389-1092-2739-2215-5909-6331-756-3654-4797-6189-1580-7687-5680-3531-2126--8002
36 20725.053 1728 8002-2840-3552-2315-3241-1389-6334-2727-1018-7253-1825-1045-5803-940-7074-5940-4978-7241-3774-6550-7504-5817-4507-346-4849-4698-3477-862-6575-7488-1817-1796-2716-4093-5764-7311--8002
37 40711.612 1950 8002-2903-7343-4765-6521-483-179-1137-7384-6186-4371-672-5693-6418-1492-5919-2277-2654-6395-4114-1560-1006-1942-4859-2888-4362-1869-1164-6520-679-7931-6412-4116-3109-105-420-1776-6052-4394-4045-7360-2119-1030-2857--8002
38 29362.614 1995 8002-2905-7424-737-921-3311-3532-4128-324-1234-5999-5725-2532-329-2366-2010-5734-7296-2884-5009-2307-3542-2853-5518-7173-7254-1100-7697-234-6619-6956-2759-7445-2779-6775-1559-6809-7413-4602-1606--8002
39 21586.472 1930 8002-3203-676-4577-3568-7044-5670-870-2235-5698-3382-3270-451-6404-966-5954-5814-4120-1193-3139-7115-7087-1838-315-6478-1097-2485-4863-5921-4299-4296-933-1573-6023-4460-6164-2001-1136-4148-5382--8002
40 33413.657 1585 8002-3453-4153-2559-1717-7012-3492-1362-113-2391-4993-3817-5566-7118-1238-1270-473-7442-6362-1916-942-4737-1056-3-6579-6471-4131-2228-3404-3801-7803-4332-89--8002
41 24069.020 1963 8002-3493-4613-7049-3772-5630-2438-4779-3161-1379-2054-1990-1105-3529-5127-2839-1366-6789-4924-4968-3202-5465-114-7226-7690-7715-3628-5418-7822--8002
42 27830.952 1878 8002-3498-2163-6944-1464-6205-1753-385-7406-6398-1072-5195-3689-4612-1022-504-2933-7466-2629-4256-4766-1651-1611-4967-341-7887-6904-3910-5802-7014-6808-5490-2814-5210-4039-3490--8002
43 29457.480 1869 8002-3505-7458-4966-5469-3230-2220-7022-3198-3808-2603-4051-7390-2216-1584-5149-4718-918-4433-3668-1192-6611-6864-6608-6326-2106-398-5350-6043-4150-5733-7911-757-4578-5891-2714-4983-3775-853-2574-4143-6863--8002
44 14101.619 1819 8002-3546-2836-1300-6505-5945-6340-6750-59-6431-1178-3098-938-1245-6301-6345-2477-6976-4920-88-3554-1966-2892-4403-1971-3297-1603-1810-3811--8002
45 29426.070 1895 8002-3665-7-3906-5484-805-3424-1285-124-965-4663-574-1053-4471-5018-6429-56-4118-1033-3856-2241-3639-3436-1977-840-3059-7745-6854-1409-3923-5160-438-1937-5102--8002
46 15853.503 1715 8002-4041-1336-5768-6939-1557-1460-4536-904-6467-4788-6199-496-533-6422-2822-7162-5021-7769-6638-7594-1013-7207-6499-539-4500-3491-1567-5677--8002
47 35503.018 1574 8002-4472-5928-4727-661-7958-4835-3934-2102-7663-5789-2217-1874-6769-3900-2280-2132-5711-2456-7341-1755-2645-265-5218-3459-7243-2488-1355-4411-6704-7549-245-2632-6722-718--8002
48 25523.868 1962 8002-4511-1514-3783-4205-7698-5644-3232-3037-4923-1458-3007-4347-7846-7837-3274-5100-5651-2120-6723-195-5784-957-123-5763-5148-7110-7376-1763-7659--8002
49 23944.751 1896 8002-4782-3164-6793-7957-1276-5456-6388-272-624-375-6539-2544-1528-4802-2373-4622-3100-1826-6276-6632-4421-5267-5863-5434-6982-7122-6840-3331-2652-6428-4107-6240-6255-5960-6591-4510-7908-6710-4017-6895--8002
50 22157.777 1737 8002-5028-2128-4714-4432-3879-1124-7250-7335-2248-1781-4561-2682-1252-3396-3952-7473-2980-6827-2984-798-7050-2204-605-5511-2251-2910-4775-1516-855-5628-2011-3303-3992-3135-5175-73-6013--8002
51 23402.313 1953 8002-5038-2509-3138-231-4652-3748-5376-5204-178-6529-4515-2072-1590-6556-5741-7233-3019-5583-2641-7885-3895-3310-3182-7107-3624-2889-6448-4464-5998-1150-4994-4399-7935-4832-1419-2799-7485-4251-2737-6450-430-5227--8002
52 25463.261 1445 8002-5103-6580-1145-4564-7612-712-5458-7372-1701-6995-7884-3130-471-4064-5637-710-3062-4649-1747-4914-3839-6815-2268-949-1959-5302-233-2935--8002
53 25521.397 1986 8002-5249-1897-834-92-7545-3013-1883-1859-1992-144-7890-1374-1431-7476-5422-7643-5494-4687-4006-6118-503-1970-5143-4739-7027-6837-67-5197-5965-7553-7861-4327-2392-7847-3089-5067-2145-5118-4122-1661--8002
54 8369.688 808 8002-5301-1577-2916-4527-4844-2148-4095-1117-5883-835-6143-1831-4422-4657-5216--8002
55 25011.984 1598 8002-5442-5517-2581-4228-6991-3405-7043-7347-6022-7974-3785-3777-6421-6449-4818-1750-7845-7567-4998-6196-3260-7501-6009-6390-7765--8002
56 34859.846 1537 8002-5500-5019-3848-2684-322-6999-1964-7142-6773-3334-1940-6348-7699-4121-6549-4499-4703-3750-4934-5746-5262-323-752-4424-6119-5263-6570-2229-135-2788-763-5714-6397-4360-5979--8002
57 28180.036 1978 8002-5533-6498-284-831-6263-6610-6094-7918-7801-6082-7396-7209-4021-6678-6104-6922-6543-6474-7967-5509-2181-6180-6573-6320-4453-2965-4610-2459-6977-1198-784-5745-2701-2262-5110-2826-4620-5594--8002
58 17980.437 1962 8002-5589-5398-7752-2249-7183-638-1380-5525-6066-2693-7462-7565-7041-4850-6856-7573-5023-1229-1737-5010-7499-1103-5672-3293-3971-5254-7359-3218-562-2502-1694-4648-6010-5406--8002
59 42286.255 1981 8002-5779-2505-1310-4309-4416-7125-5924-3827-2605-7279-3945-4984-4683-6950-7138-1563-6692-4711-6001-2161-2105-7167-1881-5472-1392-3336-1449-970-3093-5119-5275-3543-4573-5710-6212-5222--8002
60 27354.623 1997 8002-5973-4318-1017-7748-3596-3625-644-5403-6302-4338-2344-6502-6232-2426-7060-6738-2055-1667-6220-5457-1365-2424-6336-5203-5601-4208-7480-4066-623-6716-7276-2592-3558-7433--8002
61 18124.116 1831 8002-6044-4710-1197-5166-4621-4937-5800-3387-3485-5025-4506-5750-2384-3286-4671-1223-5409-525-691-4383-2292-3717-3829-6525-7943-5556-5692-472-5256-1668-2687-6297-5340-7702--8002
62 17107.163 1453 8002-6069-1880-847-7798-4398-3677-436-254-1801-1843-6934-3637-5179-4885-5372-3433-7835-4516-7217-649-5206-2504-4720-6033--8002
63 42250.886 1602 8002-6159-6132-5532-5857-6628-1225-2525-4901-6379-7850-4738-1266-7132-4043-3780-2199-1799-3379-27-1247-3711-5542-2275-7101-4054-6790-6335-3285-2326-4461-6495-6485--8002
64 22414.783 1954 8002-6163-2733-5571-6609-6473-353-4866-476-2005-2991-3756-3328-2808-453-7746-3415-4219-7356-903-2134-7370-6017-7635-6679-317-6111-5396-5052-617-1682-4799-7893-4491-6936-6537-2479-7560--8002
65 21475.727 1998 8002-6202-1626-1106-4633-6874-5812-7477-48-243-5172-129-3657-6645-95-5174-1064-1878-669-947-1941-1811-6882-4918-2096-3577-1163-3083-5447-1483-1054-1028-352-4081-8000-2166-2820-7069-2449-6989-7792-6007-6975-4748-1615--8002
66 24969.599 1801 8002-6314-7874-3782-7820-4504-2453-1341-147-1623-3999-4484-2501-3523-6964-4395-1918-2074-1866-487-1079-5286-3876-2862-2955-1138-6229-1250-174-5441-5748-5467-1579-6112-1359-5437-6528-2720-5419--8002
67 16813.159 1875 8002-6569-1328-6643-1718-6356-809-6224-6852-3792-2891-7178-2439-674-5959-4462-7464-3153-3600-6097-6206-1127-4380-6810-584-1035-1872-2894-726-865-1522-7048-1171-656-1452--8002
68 26636.999 1774 8002-6776-4480-1132-2939-2233-1773-3685-4238-1153-7667-4606-7940-2413-2287-7725-5383-849-4489-4284-5970-6483-4841-3223-4115-7357-6799-819-7977-4670-481-2812-5370-6557-283-3768-4077-7671--8002
69 28698.365 1771 8002-6833-7711-5899-2386-172-3838-5622-5498-1342-2039-6386-7081-7331-6264-5037-2177-1444-4971-3456-1450-2499-7377-6277-368-1997-2393-3137-6047-5298-7590--8002
70 12836.722 1023 8002-6901-2663-5582-1999-7157-3443-542-5853-3506-5966-7596-2183-3593-4846-3122-7781-877-4547-21-6489--8002
71 5881.400 775 8002-7079-7802-567-5895-5130-4899-2471-399-4339-7284-46-3444--8002
72 32624.390 1978 8002-7174-7572-2698-4015-304-3773-7644-5508-4976-3922-7502-6663-1426-578-321-7109-419-2736-4014-4458-5205-7879-2387-7929-2331-4695-6392-837-7409-1814-4981-1975-3516-4038-449--8002
73 16478.641 1879 8002-7333-345-4880-6223-1716-4635-5904-868-1384-5026-1363-7966-7597-1609-4069-7330-6038-684-6488-1550-6845-4027-3974-4584-40-6748-606-3746-2874-751-1858-4173-2301-7770-2180--8002
74 24982.143 1951 8002-7620-5843-7960-3417-6862-4879-6378-4088-1118-1024-4533-5358-1540-6296-2708-946-3329-7946-6927-4848-6860-5292-5782-2540-101-6665-6661-3386-72-2974-5757-5121-4080-5455-5107-6629-6055-2608-6217-5325-5139-4562--8002
75 21477.594 1919 8002-7907-696-3294-3128-2767-3341-1484-7525-2434-7772-7616-1768-4181-2483-3863-7557-7373-1075-4769-1201-7281-7891-7722-6135-7168-5471-3450-3578-1677-2597-5559-3609-1640-5902-5062-1778--8002
76 24935.606 1850 8003-93-2530-3054-1653-6534-5285-3647-7034-7713-266-554-1932-5126-7734-5767-7849-24-295-759-6824-1472-2407-395-7374-391-6231-1769-975-31-359-6933-3338-5272-6434--8003
77 40753.096 1974 8003-176-829-4814-7028-4227-3621-4975-2029-4387-2125-2940-3156-7145-2830-5627-6260-1244-4554-4990-765-37-2285-5715-7344-3758-3897-4790-5047-7660-7303-2784-6469-5985-4931-2510-4172-5699-4513-1610-7611-3008-1806-7930-7795-2550--8003
78 61699.749 1990 8003-240-7052-2497-180-4091-597-6476-6491-4615-5186-6560-1239-7160-2404-3978-6757-7429-7507-1731-3638-2848-394-1088-4986-3112-4595-3618-4236-3601-1513-1785-23-1404-4784-2883-4864-7148-7435-7945-6411--8003
79 24019.327 1598 8003-347-161-2970-3691-1496-3861-2766-5575-5967-85-1746-54-5595-5491-3990-6391-3521-7675-7439-6233-2959-6761-5231-4210-1327-3661-2057-614-505-7169-2982-4974-5228--8003
80 26337.680 1656 8003-714-3413-388-14-319-1592-5821-5477-2897-1790-428-2594-7407-5117-5633-140-2335-6624-1113-1625-1913-3107-2430-3391-4806-5095-2239-1601-3551-7834-7912-1960-7854--8003
81 17232.736 1761 8003-1068-6767-3316-6835-1465-6641-3190-4482-5786-4391-6128-2845-1819-3017-4211-2094-6566-1321-4926-5410-2773-4948-482-6093-4781-5478-5188-7354-3877-7804-1162-6998--8003
82 16701.920 1864 8003-1071-6137-4195-3860-3917-3576-7832-555-1779-3735-6633-7564-1390-815-4418-7094-5022-12-7513-6851-4865-426-7369-286-4812-3332-3580-3914-5162-4690-7116--8003
83 19662.884 1729 8003-1345-687-5313-891-5212-4079-7554-1189-1666-52-1862-3905-2685-1593-3070-5753-2381-4388-2171-318-2218-1407-5425-4201-126-6157-5702-2992-3640-7388-6713-1-2568--8003
84 18754.688 956 8003-1402-5743-6218-7151-6351-3588-3322-4905-3510-7603-1213-4519-4576-2026-4435-670-3882-4008-6527-7682--8003
85 30545.720 1047 8003-2048-7517-4890-191-3960-2034-57-6660-2700-53-3193-3809-5154-7815-6672-209-4367-4642-6781--8003
86 17858.152 924 8003-2127-3975-863-5431-2923-5776-1688-6155-2871-3912-3496-5330-5307-7500-3042-2616-1978-5961-6820-5624-3033-6737-3236-2696--8003
87 17049.326 1255 8003-2732-1629-4292-1120-3113-6181-5819-6758-6468-6941-4290-1282-6268-1376-5041-5527-5156-6339-3350-1730-3272-7868-5811-150--8003
88 24722.699 1552 8003-2793-1891-7015-5196-2797-3069-5915-523-2095-7195-5893-7993-7719-6969-1885-308-5237-5712-115-7093-3973-522-1417-3478-4117-5792-5243-7877-3832-2785-6926-1074-2076-7855--8003
89 25909.660 1940 8003-3330-7985-3026-4479-5626-3146-1775-3051-5375-7414-5443-4478-5086-6442-7915-7260-7228-5084-207-3276-7221-2983-4233-199-1236-1320-5835-7131-680-1255-3723-6715-6727-3594-3935-1835-3418--8003
90 19402.787 1278 8003-3449-7099-5852-68-5539-5577-423-2772-4281-3502-2667-3653-953-2091-1102-6051-2740-4105-2330-5951-4361-6687-5341-4929-3120-7933-3428--8003
91 54513.518 1992 8003-4092-1993-2748-1493-3290-599-1203-1901-445-5625-844-5929-3231-2317-7638-3384-782-548-5578-3539-6068-3886-1375-6267-6644-4837-3090-2651-2854-6996-1475-6016-3114-3939-2738-287-2035-1373-4180-2221-1744-7114-6855-1015--8003
92 30020.894 1932 8003-4104-6914-7630-841-5705-1427-3155-2469-5316-5616-457-5708-7721-6807-7297-3254-745-1770-5980-5099-5885-4026-5683-6060-7224-4127-5830-568-238-4631-3307-2036-1302-2928-3936-6125--8003
93 36204.512 1981 8003-4147-4275-1899-2582-598-2460-4660-814-267-988-5524-899-3526-1254-2768-3896-2451-3966-5569-6247-4540-249-5439-7672-5168-2049-6396-723-1738-2067-6140-1481-5308-1313-271-1388-4862-6903-339-1289-7317-7088-4229-7491-3235-3144-2081-3463-4502-2184-5991-3178-6972--8003
94 34007.975 1538 8003-4151-3094-5092-6562-5460-5987-447-5365-6419-7786-5955-5875-3709-3991-2946-2718-2798-15-3319-2572-1027-3887-1477-1692--8003
95 48541.041 1845 8003-4175-7024-5946-6400-110-7793-201-6322-3499-5938-5654-2050-5553-7705-2560-2620-493-1424-1850-1207-758-7510-104-4374-7724-6370-6042-7483-4119-2577-6813-1728-2359-4302-3466-3287-300--8003
96 53434.884 1980 8003-4574-3541-852-897-4982-5-6479-5220-1436-4572-7421-3367-1047-2118-801-2672-1279-106-7743-4616-5990-3995-6640-6394-2339-1445-1673-34-3830-4651-3014-2938-6500-4745-6905-5846-5822-1222-2942-6684-6784--8003
97 34156.029 1989 8003-4774-3890-6369-1620-7520-1876-3993-5291-2571-7375-5089-3719-1469-3275-3940-6116-6122-1525-2576-6603-2787-1630-2038-5075-7153-5647-1691-602-1095-5878-1296-4156-887-5785-2390--8003
98 19662.849 1177 8003-4868-3949-4288-3533-2669-1736-3805-2258-7266-2707-5798-6853-4067-2749-3199-1241-7124-6070-822-4279-532-4815-5395--8003
99 39482.099 1966 8003-5046-1985-3676-4935-3399-3421-222-5108-3664-488-5265-7895-2765-4524-4448-3549-4911-6266-3279-2401-3862-5309-1070-5185-780-3343-2472-1697-7367-3029-4733-3841-2092-7427-7358-5925-220-7038-7140-7249-2155-4191--8003
100 53398.778 1951 8003-5054-1350-1073-4385-3837-4886-7184-6686-5656-682-3347-6046-1991-22-5664-7063-1398-6508-5950-3920-7338-2523-830-7529-6541-4744-4158-5453-2309-2715-3300-2033-2116-7581-3742-1338-2077-2556-4750--8003
101 13314.199 619 8003-5219-3929-5744-3651-2987-3354-2089-3544-7505-5974-534--8003
102 9581.986 582 8003-5232-3249-1536-1010-230-1638-3352-6101-5805-6802-3888--8003
103 28649.276 1696 8003-5412-2123-6533-3779-3489-4445-78-3799-4589-7292-146-1367-3898-3087-4246-6564-3030-4375-1208-6490-884-2294-7897-2043-4222-6507-1323-7727-5770-3152-2-5071-5872--8003
104 23479.020 799 8003-5673-108-3776-1311-7353-7764-7685-7610-4377-5978-3790-5679--8003
105 27115.659 1778 8003-5674-6067-1083-4563-6760-3237-3590-1107-6819-1739-2844-3778-3342-2555-7016-1709-7735-2333-1714-7102-3344-4372-4889-3619-4869-1451-1196-380-1115-4389-187-1333-2613-1568--8003
106 24160.984 1905 8003-5804-6-5783-97-698-5713-6072-3125-5992-3591-325-4025-3825-1461-2721-4199-2397-4345-2921-3831-5742-7913-2610-3921-2425-5721-3612-3266-4144-5215-3967-928-1953-7632-2564-4520-2531-1360--8003
107 22975.384 1568 8003-7092-1910-2080-7666-6559-544-5592-5271-4135-4303-1405-7159-5462-5405-6667-444-2020-1655-2666-7025-6454-6740-2463-1873-5986-5257-881-6596--8003
108 12521.169 1107 8003-7176-3525-5653-5634-5977-5184-412-3545-1743-4674-7904-5911-5665-5287-6872-810-4831--8003
109 27329.628 1791 8003-7227-6383-4137-6315-6148-1029-3536-367-7646-2151-5371-4245-5752-7651-4443-270-997-5342-1307-2486-4130-2409-803-7017-289-2790-2071-3264-5167-5873-5002-3986-5053--8003
110 23032.829 1900 8003-7515-3473-3248-7749-7836-5056-3298-824-7000-5864-2247-3959-440-4011-2816-2303-3720-3715-5169-6946-3278-6308-3820-7051-6962-7378-3005-44-741-2191-6293-7054-2246--8003
111 38209.507 1925 8003-7519-1924-5065-7584-5718-2993-6234-1463-228-2657-2985-6355-527-4349-1005-3629-1845-750-3305-6932-2947-5766-432-3495-5369-2637-4949-5765-1230-470-2548-6030-7650-4254-2329--8003
112 6878.507 438 8003-7568-3635-2911-1262-6691-2595-4052-6699-2313--8003
113 30017.074 1626 8003-7602-701-2346-4947-861-7878-6536-2186-3383-158-4791-4207-7680-4732-151-2085-3806-5055-1797-2117-7278-6623-781-3566-3514-29-7218-4888-2873-7625-2270--8003
114 26062.646 1972 8003-7932-1031-7965-604-4804-6100-1343-7587-4830-5424-6169-678-7300-236-5385-7098-2570-2369-4232-1268-143-2286-6353-7563-7248-1410-2677-2348-5445-4985-7494-4494-3047-6940-1354-2310--8003
115 24094.586 1998 8004-98-3781-3626-894-2454-1635-2405-5994-1391-3911-5696-4518-864-632-2958-5464-5152-7818-5828-1624-2593-421-4826-6289-4525-4379-5635-3055-4925-6430-4030-64-397-7566-7991-409-1065-3066-1749--8004
116 21824.056 1956 8004-226-6614-6794-7019-206-4164-462-2986-407-2896-662-1044-2226-7968-6866-2295-3402-7811-7706-4167-6371-4271-1802-3441-688-3938-258-7980-5261-1846-3835-2722-6124-3636-6201-6290-3494-2529--8004
117 42007.089 1978 8004-252-1050-2214-1180-3652-7903-5662-2103-1719-7639-2753-1309-5242-6484-2135-1809-1782-7316-3500-2636-7871-7805-4358-4152-6696-3509-3658-2618-4053-6814-5182-7580-5388-4123-6923-7438-1267-435-4882-5035-5295-1331-7046--8004
118 25837.442 1999 8004-285-6902-3346-1887-4154-7700-2692-7992-197-1925-6307-2282-3165-559-4786-5319-1467-4501-5700-5620-732-2612-1414-5930-6200-7245-590-5810-1708-5514-4942-2100-7120-4311-7509-6592-6836-3589-314-6730--8004
119 31729.659 1995 8004-354-5013-4759-4000-1416-5485-5176-5838-4071-1265-450-5015-4250-1788-1412-6025-7937-2673-5934-4543-551-6887-5901-2879-326-5847-4072-3067-6822-7821-4821-3822-7080-6867-6766-6732-1906-5324-7857-2689-1659-6695--8004
120 17093.784 1486 8004-600-1378-2368-3159-3582-2960-3400-5962-3732-2811-2112-5273-2371-2101-35-3712-30-6770-955-5327-4531-3429-4440-3149-1950-4659-6174-6666-2818-4768-2321--8004
121 20936.097 1735 8004-620-1920-7083-7910-5682-5877-611-3168-5771-5226-7975-5094-1023-5305-1361-6285-4497-2053-5123-5017-1003-3695-700-7336-181-4940-3435-5355-6225-1199-2876-1844--8004
122 30034.030 1929 8004-787-200-5360-2864-1057-4950-6890-4040-2973-7290-2735-5081-6273-3016-6829-3933-4701-5303-479-7057-3599-7405-6262-6653-3725-924-2573-799-4249-561-4159-6759-706-7262-2281--8004
123 17393.535 1987 8004-872-6323-3256-6236-1777-7550-1059-2869-2261-2886-3115-6912-4419-1500-2621-4155-3210-7170-4097-1622-165-1283-6280-4063-1081-7096-6791-4505-4193-6077-2159-1805-7756-963-7777-1696-4450-2064--8004
124 19230.653 1703 8004-892-7677-7665-357-2358-3375-5639-5208-1982-1243-4214-7349-1581-4845-6888-2306-1546-3842-2806-4939-6530-2260-7579-2237-5399-2932-3003-1206-1988--8004
125 27594.870 1968 8004-931-2063-5535-1332-2796-1474-1418-3032-823-2338-5109-4824-2976-7059-2638-6129-1662-491-1578-5190-7365-3724-1154-5874-2584-3737-7645-6333-7628-2644-2149-418-7189-7255-7999-5687-5318--8004
126 17314.964 1899 8004-972-3669-7559-485-5818-7760-4230-788-183-7380-1459-1734-5007-7751-569-1921-1812-7806-4776-6325-4521-7775-3674-1946-6444-6256-4225-5163-3020-5933-878-969-2400-6123--8004
127 28250.848 1994 8004-1067-7732-4852-5426-1251-7305-1190-5482-344-486-4847-3840-1038-2763-520-2047-3584-926-5675-3821-6003-2755-4667-733-3957-5479-456-5326-6272-3854-5076-3649-2538-4328-7084-1837-2367-720-1740-4378--8004
128 12817.527 1393 8004-1232-1681-36-4874-5348-3947-4963-2090-7742-1834-5689-3761-5936-1497-370-6373-4024-3870-7150-7524-3672-4757-465-7456-6000-1122-7203-5366--8004
129 12645.958 1401 8004-1290-4712-3103-3394-6924-17-7642-1939-7202-4109-866-2007-1052-6306-1914-7831-5880-6656-5364-4483-175-7186-1562-2520-4688-771-3050-2898--8004
130 33011.433 1998 8004-1299-6921-5565-3181-3679-640-7452-6377-6689-5363-538-3984-6987-5335-1599-5224-5815-3273-5678-4474-384-2435-2890-6178-1706-7201-1678-5476-170-5717-3528-5483-2563-5707-4456-1967-6073-734-1141--8004
131 30712.068 1942 8004-1358-3634-3497-478-4285-1351-3085-3318-498-2156-6518-2314-4184-1600-7780-469-4336-1425-2660-3315-1269-3362-3743-1108-76-7758-4452-6106-7418-7450-2624-3633-6586-63-2230--8004
132 22986.938 1989 8004-1495-6168-1824-3245-5971-5003-6777-4579-2319-3696-7533-1315-5114-7459-390-3623-125-4668-6130-337-4522-4231-5833-2225-3080-1504-1457-6288-3258-1055-1555-7964-6099-4291-5574-3869-6919-5253-6986-1821-4915-7881--8004
133 23718.866 1880 8004-1507-546-257-99-5209-1202-936-480-6330-433-7319-5550-5623-6694-4583-2480-2374-4189-642-1177-1861-3282-577-2207-639-6952-279-4887-3361-5939-3015-6050-2363--8004
134 23704.425 1694 8004-1512-5134-4280-2304-6593-4910-214-219-7326-5943-1227-2448-6156-2870-4960-273-1119-4431-797-4031-5917-935-4692-5567-699-1762-883-42-4058-5988-4875-1686-6868-3320--8004
135 20114.311 1550 8004-1683-153-2325-4498-1951-1231-7794-6409-6980-7066-2252-5468-506-5867-3520-4002-2355-6693-3035-4333-3884-3515-5276-6237-3395-5701-16-41-3907-7978-4050-2600--8004
136 27360.203 1799 8004-2107-647-3189-1675-3197-3403-3926-3040-2527-2003-786-6806-7787-5866-2893-4728-7927-7486-6401-7576-6990-5050-2415-3793-7599-7431-5526-6803-247-7753-3102-210--8004
137 19176.416 1774 8004-2173-2515-61-3998-1517-6437-1502-1446-2962-1808-6146-5270-6988-1757-5552-5731-7784-227-4743-1882-4138-3751-629-7166-3219-6063-7921-6019--8004
138 25992.859 1997 8004-2232-1172-293-5657-5268-1703-5865-2440-775-7302-6913-3233-754-4282-3540-4653-4560-6816-502-3866-2508-4188-705-7707-4523-1085-4705-6455-5193-58-7441-3169-5141-719-2208-4987-5523-3106-131-3101-1456--8004
139 22006.699 1956 8004-2322-3177-3488-431-79-80-5334-3099-627-2343-3716-7325-2730-7058-4406-3646-3006-1833-6917-1501-3555-1295-4557-282-5346-4702-5536-5057-4005-3136-3826-5568-6703-5304-4306-2006-1020-7288-2299--8004
140 24730.467 1946 8004-2585-3187-512-2704-6746-5079-6048-2731-755-4586-2351-2642-5981-1646-7853-7214-1660-6961-1126-3673-7740-3077-6671-2068-1432-3754-3553-5497-3972-1322-923-4796-1576-4817-800--8004
141 25698.053 1255 8004-2676-3364-4556-3291-1372-6768-7889-508-5105-6685-7032-1051-7072-6949-2143-7703-6907-4764-7843-4892-441-7953-5436-2458--8004
142 11458.351 805 8004-2838-134-6588-1698-4351-1591-612-563-4749-7631-990-320-2852-413-2420-7005-7618-6595--8004
143 45264.377 1866 8004-2963-3684-5421-7688-1084-5694-4278-6974-139-7449-1473-4186-5269-4662-2588-645-630-774-2160-7350-2842-6203-517-1183-6350-7593-3043-2786-6960-7196-1370-1470-6711-991-1523-5128-5061-5738-5611--8004
144 27633.932 1755 8004-3360-2487-7127-4253-3941-4838-39-3563-4441-7152-4049-1815-1670-7286-6494-3556-3268-2795-6599-3885-818-536-3733-2481-6317-7493-4457-1160-6935-1907-6576-982-5241--8004
145 26407.921 1831 8004-3368-2702-1000-55-1086-6414-3728-1556-1572-4068-3671-7862-985-5039-3813-5085-1263-4477-7428-5423-6011-5545-708-3769-5972-5540-2562-6681-3970-4171-4001-6931-6831-5310-3704-3228-7009-4224--8004
146 22224.663 1997 8004-3442-7379-2566-5248-4297-3060-4699-7761-4672-3864-3224-4762-2989-4125-1352-1931-306-3749-6021-1566-594-3372-3392-5132-2041-6349-7004-7961-5433-6161-6634-3530-4313-3611-1968-3524--8004
147 22926.301 1582 8004-3537-4409-4773-6248-4876-576-1042-7404-6676-70-7256-1543-7695-4334-2671-4369-2470-1077-954-4468-1685-5459-5374-5240-7987-340-3734-5343-2781-429-3308-7816-7852-695-5747-3365--8004
148 30610.558 1959 8004-3660-3707-3111-5825-7865-721-6670-7867-1340-2533-2623-4957-4465-5918-2513-4316-2124-193-1298-3504-616-1166-1004-2909-2028-7432-5446-2514-6384-4729-2528-6109-7496-2189-5849-111-81-3004-5448-5868-1211-5537-6241--8004
149 23295.307 1956 8004-3818-3942-987-2695-4643-6443-3277-4405-6459-2817-3948-2051-4908-5317-1583-5684-4057-6598-4640-836-3833-1890-2478-654-2337-2457-7814-6415-2551-4795-1181-4206-350-2712-443-7472-2823-6662-6440-766-6985-3824-2427-635--8004
150 21576.274 1977 8004-3965-685-7990-4878-5332-4235-2825-2273-3437-4944-2197-6701-631-2601-4740-1549-2341-1228-2045-6512-7419-213-3703-6545-4004-5584-4344-7591-4287-3385-3730-1980-4136-422-3740-1219-6464-3086-6583-1317--8004
151 31908.349 1995 8004-4074-3046-7948-1442-5338-1676-7282-1857-6648-2496-7318-1421-5774-2269-1503-3141-6153-1575-1257-7089-7886-4221-327-566-2643-5806-4455-3289-2828-2711-1156-945-1486-5755-6197-1748-3374-1114-6138-6718-1128-5367-808--8004
152 22274.991 1664 8004-4139-6080-7237-2082-879-2150-2283-6908-4209-5850-6889-455-4544-4713-7869-898-6313-3843-5033-3373-7391-5605-4956-2290-5016-7898-1188-7741-4567--8004
153 26407.887 1990 8004-4276-909-3857-4877-964-1466-3891-7649-3434-5088-1702-1381-3534-6910-1927-6762-7171-5031-202-4751-7542-3847-6698-2139-1634-3764-1722-3302-5790-2914-3784-6020-2347-839-4496-4678-3796-2761-7077-1822--8004
154 17939.733 1968 8004-4324-7670-3535-7712-4085-7655-3569-6739-2442-7061-7789-3393-6170-7773-3918-1958-724-2441-5671-6447-3899-5080-6127-1589-5580-3244-4706-6096-3200-5217-1173--8004
155 17131.572 1861 8004-4413-1892-6720-6620-3871-6779-6668-917-2318-6091-1664-6970-2411-291-944-1628-7155-4096-5607-1082-5586-6647-1689-1214-3370-5353-5264-121-2324-2312-689-3049-4953--8004
156 23516.623 1931 8004-4428-3607-6352-11-7457-3255-132-5311-2484-6445-4022-5392-3464-7575-4065-1732-1131-2336-6012-3246-6839-2675-159-6177-2951-7204-5612-537-6682-2428-4373-3892-2422-1292-1078-1205-6800-5735-2691-5391--8004
157 26454.167 1940 8004-4437-1772-500-7661-5728-3883-1349-4368-6734-4625-4904-7830-793-1526-1001-1224-2925-3468-6948-373-2276-1587-215-768-338-845-276-5274-5384-7826-224-2142-7959-6787-6281-3129-5187-2541--8004
158 21455.925 1658 8004-4508-3321-3964-2122-7864-7460-7172-5234-3063-2590-3157-310-4103-2703-7817-6947-1944-6909-5826-6259-5697-296-4384-6857-582-4778-608-7652-439-5420-7762-760-739-3722-4401-7759-7362--8004
159 21778.143 1781 8004-4689-5581-7925-1863-6385-7062-5642-6074-2114-6166-5138-122-5926-6585-4223-2462-6707-4350-6832-6154-1727-6160-1494-981-2037-713-4495-5115-2503-1851-7415-4588-1981--8004
160 22381.511 1965 8004-4760-3247-3875-3901-772-7403-7194-7923-7408-1712-5914-25-5858-6885-7313-4263-168-3889-7161-5507-5541-5666-660-1447-2824-6993-3982-2626-6981-2872-1699-4932-6480-6194-6461-7750-196--8004
161 10778.336 980 8004-4827-460-4459-4803-4570-6457-4240-4828-4617-1955-3944-2382-393-4239-919-91-1428-6133--8004
162 19490.135 1972 8004-4833-1539-6850-7103-1616-2079-1783-5178-6435-5074-802-3388-2058-1487-2025-1149-2357-4539-663-4691-905-4244-4305-5796-6929-5688-2014-3565-4200-244-1364-7664-361-246-145-4187-4166-6516--8004
163 47928.841 1994 8004-4858-6763-3313-2165-148-2075-7484-4100-910-2929-5778-1527-6294-2758-4439-4268-707-4537-2433-2961-3027-298-7693-4719-6700-1395-4179-2467-950-1963-6329-3133-3127-601-6381-2279-804-3823-6911--8004
164 19209.097 1946 8004-5005-4529-1312-4381-7592-1787-1217-7119-49-7627-7208-1386-3480-4260-636-2726-1935-7394-4226-1281-2466-1984-7731-351-2631-5969-2517-3981-5387-6755-1764-4571-906-5252-7443-1848-7733-3766-6858-4669-1956--8004
165 24993.758 1541 8004-5012-3800-7130-189-1905-5572-66-1256-5609-6753-1669-1098-2792-4365-704-5024-1710-5719-4182-7657-7141-119-411-4322-7757--8004
166 26852.276 1912 8004-5104-7511-1175-4355-6145-4016-7192-6547-74-1602-3908-5854-6211-7583-2815-1854-2360-2266-185-5072-3021-2000-2791-3819-7902-531-1046-6735-3845-3547-2507-51-6452-2895-2690-1729--8004
167 17534.102 1877 8004-5489-2783-1291-302-6613-2762-738-2443-4684-1125-7475-3976-2271-2583-650-6451-4624-2206-6501-4736-5515-2847-4102-5976-5345-396-3269-6792-7011-2202-3958-3592-62-1908-1140-1135-1016-3614--8004
168 15669.625 1590 8004-5501-1789-7546-7949-3039-3412-7298-4257-2832-7467-1886-1325-6526-2492-5840-2674-3762-5078-2746-4787-6271-664-6108-6659-2878-2912-6179-6630-4930--8004
169 21360.050 1843 8004-5520-4800-1654-5331-5512-1261-956-4753-2178-4438-7771-1039-3432-1485-3977-1509-6417-5820-7422-6344-3585-1259-1147-550-526-5879-1645-2267-646-779-2198-1161-400--8004
170 16912.752 1349 8004-5801-5386-3068-1893-2350-6406-2545-7291-2881-1715-4046-6328-2944-3073-3096-1756-2113-198-3175-7334-5082-2567-434--8004
171 21028.852 1871 8004-5841-3617-1793-1904-6338-2212-4627-792-5894-2168-6249-5435-2750-7934-791-6216-6552-6680-7607-2653-2931-980-2365-553-783-753-216-2776-2827-2019-1062-6309-1066-7986-6439-4569-3859-2414-7624-4212-3257--8004
172 39374.274 1820 8004-5845-4965-1478-2804-7231-3356-948-3243-6865-19-7149-677-2327-264-3915-7008-3951-2174-6075-2688-2042-5470-4059-7154-4185-13-7389-5953-416-1804-4822-1607-3613-7569-2111-7371-5140-2298--8004
173 17638.290 1928 8004-5989-1043-2516-5781-1938-4019-1945-235-1613-960-4020-6190-7053-3983-2668-2203-6332-6278-1139-6092-4685-6366-3573-994-2385-3184-7269-518-4289-6243-5474-7797-4970-4755-3022--8004
174 37718.916 1662 8004-6150-3550-7100-5064-5706-5668-1759-591-7235-6532-3327-2158-890-857-4270-5661-6213-6058-4605-7512-2670-2455-7704-6859-2222-570-7308-6742-2557-7763-5122-1448-3140--8004
175 10344.864 761 8004-6165-2930-3465-7541-2877-6441-5726-2245-1665-7111-3447-6597-7636-927-1987-6287--8004
176 24032.310 1994 8004-6423-735-5615-4168-4783-5631-3913-7626-7220-5848-274-3872-5528-7314-424-1741-4696-2141-5561-6244-4145-7969-858-5949-477-2846-6674-1187-6175-6245-7604-4341-3874-3880-6149-895-5390-6057--8004
177 13186.779 800 8004-6513-7035-896-4546-4325-3105-3426-5807-7307-1537-929-2431-4722-6204-6797-1240-2361-2902-2774--8004
178 20079.580 1994 8004-6531-275-7222-2394-5380-5170-7468-3108-697-2308-2918-7301-6893-3919-4337-1852-6227-4420-7383-3390-5214-6120-2537-7075-848-499-1144-1157-2988-5608-4451-5430-2769-5823-2887-3201-5861-5549-501-2936--8004
179 23048.177 1963 8004-6652-7271-4735-5036-4056-1723-3242-2445-3807-7128-5051-157-2130-7040-2419-5544-3225-1608-6300-475-365-2829-2002-1900-6778-6669-4335-278-1090-7859-3479-4725-4493-1049-6928-6915-6971-2044-1286--8004
180 21601.059 1795 8004-6751-5004-448-5070-33-378-4825-2362-4486-2683-2754-7947-3927-1758-1152-4992-2512-2256-711-1926-343-3739-4342-1480-6875-3513-3009-5736-3946-7901-648-4972-1109-4475-7455-4843-6705-4545-2937-6460--8004
181 30106.941 1905 8004-6765-2446-6226-5321-3000-6136-2596-4709-2770-3333-2376-303-6173-4534-1076-6311-5097-2291-232-5720-2625-2602-4746-6605-1129-3953-2418-2187-7997-1009-4676-7158-5576-2169-6504-7055-10-3484-3206-610--8004
182 17969.060 1899 8004-6897-3501-452-6625-6295-652-7321-1091-6818-560-7552-313-1521-307-3076-4198-2801-5908-5486-4176-1505-3378-1011-886-6581-5125-2904-82-4170-6360-2378-4989--8004
183 20474.820 1665 8004-7029-7828-6617-5027-952-7641-1745-4618-7323-1684-7995-4248-3650-1875-5091-668-2491-4596-7267-149-3632-204-2745-1598-4149-1596-3145-4359-3239-4673-1271-1453-7508-3853-3560-2137-6511--8004
184 21779.619 1501 8004-7143-1348-4730-3989-6279-3893-7482-902-6376-3721-2320-571-6884-2686-1491-1658-7261-7366-4758-7790-2110-5640-4442-5111-3408-5429-3041-5554-1061-2747-4354-312--8004
185 41359.684 1964 8004-7518-4598-6438-4396-7841-4873-789-2627-1933-3419-1401-4528-4467-6584-621-6959-778-259-1534-4304-2236-5451-6257-4055-1443-3398-6649-6731-1637-7919-4490-2383-7909-2311-6673-925-3451-2589--8004
186 15265.526 1626 8004-7544-2630-1191-6602-1422-2417-6041-2952-127-626-7778-3700-86-3082-6193-7648-7684-3581-5045-2775-3932-3988-6702-6578-136-5347-7754-3682-4073-4243-7539-2098-65-3763-4487-3666-6938-5737--8004
187 29058.525 1736 8004-7601-239-173-1679-1215-5957-6561-6675-7497-4265-633-992-744-3001-3954-6363-2536-816-5560-7863-6076-557-6065-6535-4178-330-3238-6804-1868-3079-3548-1865-5306-6752-961-2615--8004
188 20951.118 1436 8004-7782-2389-1724-7531-5011-6563-5548-6465-4952-2377-6208-5739-4363-7561-4293-2561-5481-3045-4551-7914-7078-6555--8004
189 25544.953 1437 8004-7785-6282-4414-331-2388-4267-292-1551-3131-2238-4854-817-6749-4003-1168-5277-6372-3642-5652-3475-4514-4183-3507-7656-3185-3487-5378--8004
190 32601.361 1749 8004-7810-511-2981-5655-6572-7309-6403-4991-5862-5189-3858-4113-7471-7451-7873-5165-458-1954-7570-2855-7324-773-5246-1218-7133-6538-637-4988-867-3460-5238-405-5890-425-675-3023-6292-2323-5329-2858-1656--8004
191 17510.731 1813 8004-7819-3683-2511-2757-3517-334-5669-1387-7605-2659-137-3655-6726-4466-7556-5452-1996-5284-3648-377-7574-7543-2591-5066-3595-807-2170-2345-3693-3670-2547-2447-3714-6358-4300--8004
192 21187.721 1949 8004-7982-2461-4726-3052-5636-1841-3606-1947-6879-3681-7922-7926-1121-7164-2490-3904-3469-7984-7187-4637-4353-516-4770-6024-5663-4700-2017-4317-7905-7165-3044-1112-993-3061-6416-545-4106-5068-2771-901-4083-6407-7416-7474-5112-446--8004
193 19469.265 1603 8004-7989-5444-7896-6269-2188-2244-6028-3508-2979-208-7523-2665-6064-1570-1853-5427-2778-2410-7729-1304-1260-6771-575-2018-2900-2097-4481-6191-4469-5832--8004
194 36287.389 1763 8005-403-838-2032-459-974-854-6172-2978-7361-3755-3788-6062-524-7673-7197-914-958-4754-5570-2059-6265-1479-7526-7018-2421-6089-4315-7747-5493-2205-4823-1499--8005
195 33079.721 1925 8005-484-6291-372-3615-5063-4323-6937-7683-6359-1742-3575-6870-2412-4364-1531-4217-6503-3828-7246-4132-4196-3980-2172-5538-3455-3262-3038-2650-3205-7972-4604-7617-4742--8005
196 39283.942 1500 8005-1159-6639-1200-7007-3656-1471-4961-5293-5923-1621-2971-2030-2662-6582-3143-7386-2915-5730-934-7320-5000-2728-7398-7498-3024-1595--8005
197 27418.400 1962 8005-1204-7996-177-5859-5315-2185-4801-6801-7606-7039-1657-7800-387-1816-4630-162-3518-5797-5948-5887-2476-7212-7104-4013-2863-4331-2219-7411-4197-1541--8005
198 38595.816 1976 8005-1441-7668-6286-4933-5150-316-5077-3604-2293-5438-7399-7137-5044-4087-2950-1454-3687-60-776-2865-2658-7774-3482-2264-2819-4542-7481-2619-2060-4609-2432-7095-5958-3603-5587-4851-6147-2164-6756--8005
199 43440.266 1985 8005-1735-71-1554-5892-5588-5547-509-4407-3503-2379-6083-294-6708-5837-2015-4492-2083-1871-3586-5754-4856-4094-1318-4541-2444-5906-7252-3574-4594-3759-986-288-3446-7423-6361-7555-3815-3572-3389-3602--8005
200 38069.596 1996 8005-1994-6920-5827-6105-6725-1774-6466-163-871-2856-7234-1242-3608-2423-5521-4255-2475-3192-7329-4734-7694-4694-6930-5300-7532-1674-3215-2607-3690-5504-6968-5882-4811-7071-7285-3903-2967-3071-3116-541-2302--8005
201 18559.127 1706 8005-2565-4320-3170-7718-2284-7193-2176-5344-2396-3744-5813-1430-348-7026-1902-3250-7251-6102-5888-6171-1961-2780-7970-6098-5650-437-4927-7658-3431-1324-1195--8005
202 25422.813 1112 8005-2831-4820-4241-715-4600-1564-2539-4724-3512-4485-2099-967-7848-729-1798-2678-7268-3056-7971-6992-5870--8005
203 35932.724 1838 8005-2882-261-1934-2289-3229-915-4177-3288-962-6636-5333-1063-2328-5787-3124-6782-4916-6798-1705-1647-572-2924-4194-1510-5133-3002-3851-1617-4995-305-4423-277-1976-6481-7121-5543--8005
204 31899.485 1778 8005-2943-6250-7791-593-5913-4392-3163-6207-6712-3252-6283-5557-1021-4752-4756-5889-7825-2850-6871-6747-833-3196-6079-5413-4410-427-5844-5505-1888-5842-1672-7839-117-2694-7042-4425--8005
205 32413.491 1694 8005-3078-7181-4853-6830-6380-7827-3802-6252-4161-6037-7691-2274-7401-2108-4357-6081-3787-5250-7736-6222-743-6728-3701-7348-6594-3263-211-2521-362--8005
206 20431.417 1264 8005-3324-4548-3969-1733-7263-3928-4101-4078-280-492-1413-1840-3996-3519-749-7537-6275-2648-1641-5829-2681-47-5161-4603-4636-1048-580--8005
207 32998.113 1901 8005-3579-873-7240-4517-785-3794-2209-1917-1212-2500-7199-7983-6925-811-4274-7979-4376-6158-3470-4169-7701-1221-7686-2297-5146-3686-3605-4680-2809-5296-3420-6942-7988-2254-1930-521-7809-7844-7289-3427-761--8005
208 16227.343 1134 8005-3583-3836-3702-6034-5984-4133-6979-4552-3222-6626-7899-7998-7327-7838-7397-5522-2429-4277-5502-3852--8005
209 26357.371 1713 8005-3659-3407-3025-6420-3284-5258-3280-2922-5793-5207-5912-3458-4550-5266-6059-2604-1235-6462-1807-2398-6745-7514-3610-4035-6304-5614-2841-5659-1652-7135-7808--8005
210 27839.015 1808 8005-3789-4575-1287-1711-6817-856-5947-192-7851-1382-5359-3380-4535-653-3834-5562-1408-1394-466-2821-1912-6873-6743-5809-410-5339-2868-806-5927-4310-5619-3710-1965-3902-995-658-3694--8005
211 23967.899 1686 8005-4348-3309-7070-6697-3985-5649-3422-4645-221-5590-6364-1538-5058-6458-4163-1368-7287-5773-7522-3213-4090-5732-4218-4314-142-167-821-3741-4897-7147-6823-1462--8005
212 33542.688 981 8005-4408-255-4426-1636-3251-6646-876-3698-5610-2240-4124-1558-880-6812-6612-6061-3745-6095-1277-2213--8005
213 18215.966 1511 8005-4473-1060-2402-5251-5229-4907-6162-5676-1151-3097-3348-2334-6144-4084-2803-1437-5831-3846-6631-1533-4-2805-6316--8005
214 23312.105 1817 8005-4840-4436-7951-5289-2104-7613-5606-2705-7258-7824-7177-4813-6615-1542-3597-3267-6387-7882-851-4512-4839-7813-5059-2913-3216-3570-5428-1830-7191-497-1574-6071--8005
215 27088.726 1932 8005-5147-5236-7739-6246-6846-5551-4126-2875-1482-1644-874-3357-998-5573-3227-5373-999-4082-5724-7006-5402-5473-3167-3445-607-3134-4261-3406-1306-7215-7144-6604-1440-464-494-6869-4623-5042--8005
216 54017.170 1784 8005-5230-3296-3868-2465-4449-5356-1989-2717-659-6113-7200-5896-7880-4805-1529-18-7105-3483-3559-5602-2957-6085-2742-2926-3401-4018-1532-118-1025-3283-2729--8005
217 27078.215 1713 8005-5239-6714-7232-1344-7536-2575-1898-6796-4070-7950-184-3844-5900-7139-3987-4010-3697-5794-5297-7662-5247-6721-746-3355-297-859-1612-4430-2849-3440-2473--8005
218 19479.398 843 8005-5323-2494-1594-7264-4938-2023-2699-2144-7876-6984-6472-1923-1619-7304-5213-2953-968--8005
219 40812.285 1995 8005-5499-3956-5834-5907-5937-5177-7434-3962-383-5496-1761-5362-5931-2789-2452-5591-2813-547-7113-7134-6084-6357-3571-1393-625-6270-94-4023-4319-5083-971-5087-2129-7188-4717-4165-7013-3753-5579-2352-6008-5760-1915--8005
220 12234.598 773 8005-5645-454-311-2031-3191-1406-7521-7540-474-4028-4032-3567--8005
221 30547.801 1975 8005-5695-3736-6842-973-1879-7239-7076-4162-5621-7001-2554-3018-3924-1832-7840-6493-4962-6978-3158-641-6408-7924-415-3194-828-5283-3961-3747-6365-3527-7487-7856-1249-3564-4029-5886-3259--8005
222 21478.280 816 8005-5824-1792-5751-6242-6954-730-3878-564-7936-1288-2810-4062-930-360-4307-5884-690-6826-1766--8005
223 38300.095 1985 8005-5941-6214-6368-4141-4917-5995-3340-6215-4707-5506-3448-6554-1226-4582-7381-7717-1111-7315-6182-7823-748-4834-6876-6892-7829-7728-69-2069-6509-7679-7454-6002-5173-5613-4283-1339-794-212-2468-2617-5799-6032--8005
224 46417.832 1926 8005-6184-7490-112-4634-3643-1884-4098-7608-3317-2227-4973-6622-1561-7547-7535-1148-2954-7106-5600-5876-6900-2919-4597-5415-6346-7548-622-3662-7274-1032-7944-5761-4009-7425-3349-1614-2250-203-7117-4870-3312-2606-6343-6943--8005
225 15795.166 1167 8005-6436-2843-1720-1803-7812-1545-3425-589-5137-6741-4266-5393-7669-6997-7779-4587-4686-5740-7963-2040-1415-4867-4607--8005
226 45334.424 1997 8005-6514-2196-4075-3171-1713-3121-4390-4761-1210-5709-5975-2760-116-6994-976-4808-6031-3950-4792-7892-194-7211-1767-3472-908-5090-528-3010-1434-7534-2543-7640-2316-2710-3916-1780-651-2837-6324-5351-843-6432-742--8005
227 27495.536 1529 8005-6568-1695-7136-4476-3667-7755-38-6463-832-6342-217-1488-128-4370-5191-2406-1490-951-5397-583-5349-5098-186-1099-7393-355-3335-7858-7637-6966-6517-4816-160-1929-5530--8005
228 40580.517 1363 8005-6642-6341-1274-911-3195-2969-2152-5839-1784-3261-4559-6056-3865-1080-1037-1552-5534-7229-5629-1301-4204-3132-7064-846--8005
229 39257.826 1945 8005-6717-6918-1909-84-4427-5352-6195-2278-468-3183-5777-1995-120-7031-5599-335-3326-4996-3645-1511-552-5690-4980-7577-6487-5014-2133-1258-6651-3084-6683-4429-3786-2743-1110-6367-7273-6088--8005
230 31506.483 1949 8005-6811-3151-4763-5259-6571-530-6567-3587-3397-3930-1186-6729-4903-4772-6658-7489-2956-6967-4632-4629-3053-588-2211-7179-4665-3065-2586-5993-4809-5281-3221-1828-7420-3474-5194-7588-2764-4611-3937-1174-7530--8005
231 23030.334 1199 8005-7067-3064-242-1143-5260-4855-6657-5856-2861-3265-1936-6838-7973-3162-5632-5244-7730-3271-596-1998-5450-565-3438--8005
232 26563.406 1853 8005-7342-2549-2109-4555-618-3738-7312-5299-6496-6117-3622-740-7527-2495-5377-5001-913-6425-3663-1316-2147-4247-6983-1087-6780-2679-7368-2535-4731-5510-2200-4272-6321-3881-7073-5282-7709-5935--8005
233 31495.840 1946 8005-7426-6523-6258-1605-2364-4037-5795-7595-2136-2639-7582-515-4129-615-7710-1116-4921-3359-3414-1130-3091-2489-2534-5381-5337-3110-4999-5008-1026-2182-4444-1369-5703-4896-5211-4599-3176-1489-5772-2880-7210--8005
234 39964.042 1817 8005-7461-7086-2656-1771-3968-3731-7037-4664-1040-6774-7883-2860-5180-5531-83-875-7346-1308-1002-1123-109-7400-2640-1519-1142-2744-2634-3369-369-6238-7351-5791--8005
235 30539.345 1814 8005-7689-251-4111-6506-4951-3048-5144-603-2518-747-7894-7085-2834-6627-4530-4404-1170-2300-4919-7629-3894-3855-7322-7681-4213-2255-2474-4252-3345-1008-5198-1429-4202-6795-1535-2482--8005
