total_number_routes=274
total_route_len=8681006.716
#rnum #length #load #depot-#customers-#customers-...-#customers-#depot
1 38473.920 1504 10001-87-4252-3965-5607-1657-5747-6215-5795-8307-1944-9402-6796-5148-6475-3821-8714-7521-923-2675-3091-5491-1390-3682-3522-3943-9323-1214-6024-6983-5452-9161-6295-9532-7411-8471-7846--10001
2 28563.303 1915 10001-104-2770-3231-7855-5564-6741-7913-9850-34-2758-5097-8568-8373-7319-2610-613-1416-9678-7746-9327-7336-568-3177-1136-6042-5437-8101-3673-8523-7128-9530-7245-1571-2423--10001
3 46026.505 1833 10001-113-1844-5157-9580-5363-4440-340-6969-5273-5690-4139-3116-6620-8028-8820-3409-787-2049-9072-6134-9751-3315-5704-543-6027-7443-8595-7409-8608-9265-2587-1615-935--10001
4 18547.740 1925 10001-140-3677-3765-176-9364-9861-2785-9937-3823-917-8931-3159-9647-4386-4710-6458-1882-9351-4287-1295-9396-3189-227-3184-4462-9365-1655-8293-1340-7963-4073-5575-6161--10001
5 67611.731 1998 10001-149-7235-2164-8949-7398-6071-6416-3876-8731-2161-9441-6940-4006-2605-190-2367-8813-6279-5424-9691-9616-1206-2751-8753-9933-2045-4003-7723-3672-839-5518-4143-5169-9606-6696-3299-2881-1793-7171-5494-7006-2156--10001
6 46246.327 1977 10001-150-9108-3879-7681-1907-8246-6052-7629-7894-4354-5666-8996-3941-3008-5081-1352-6997-3427-8154-5116-682-5139-2042-5676-1629-6130-937-5133-7533-9787-2480-4793-1771-3645-4329-2245-2040-5938-2222--10001
7 31281.637 1923 10001-180-3520-5827-5951-4262-8775-6975-6330-7754-1540-7229-3861-1157-7004-7085-6905-9719-8021-4057-3794-573-304-2712-6681-5406-8580-810-1572-5520-554-8992-7224-8334-3713--10001
8 19003.204 1909 10001-231-7524-9305-7401-5524-4910-3027-3952-1818-8078-9763-7942-8378-7745-1873-483-9690-914-1002-1315-5878-8721-711-5775-2254-8705-9475-3540-2331-3695-5646-8660-5488-918-4645-7227--10001
9 35113.493 1984 10001-232-1425-6464-408-644-9777-5257-7948-2237-47-9575-4337-4068-2099-6836-9410-9117-3463-3278-5180-2595-4184-9517-7372-9282-6443-6492-8771-1981-2952-679-7637-6385-2530-7797-6531--10001
10 18382.160 1980 10001-248-8439-2950-1980-7707-1468-2502-215-6306-7046-6742-6668-7173-8558-2774-2818-6266-6694-1393-2842-2232-3954-8589-1462-9534-2197-9524-5628-3565-6917-7710-6501-7209-7513-8865-1123-2266--10001
11 17488.551 1927 10001-300-4566-8235-709-1563-3169-2734-9779-2683-9165-8422-7557-3799-4037-2681-1239-8862-3790-6780-2175-6176-9470-5609-1159-8898-6072-8593-7781-6911-7567-5073-9834-8441-2262-8188-2843--10001
12 16090.786 1927 10001-307-3339-1163-9467-2052-9822-2782-1621-6148-3791-8360-7156-1822-6311-916-6364-3149-9406-8340-5576-4894-4340-9192-137-8920-3373-4094-4857-6277-9887-8371-9731--10001
13 8599.696 552 10001-315-1711-2708-5210-8388-5107-4219-1456-55-1360-8573-1861--10001
14 24809.598 1770 10001-363-3086-8221-2297-6872-7570-5324-5557-825-6462-4591-1247-1222-8093-2497-1419-1152-3212-1309-9923-9693-9448-4594-4688-174-2654-5737-7416-1094-7180-1162-7486-488-6257-8482-4911-2327--10001
15 65562.381 2000 10001-384-8104-1553-9190-2456-3813-2994-5447-3214-3651-9832-6922-1251-3186-6299-7734-925-5083-3632-8341-6542-657-2274-5740-5621-1065-9853-3659-9082-7323-4491-5651-4274-383-3497-7169-9221-4916-2583-6845-3024-5600-5960-9984-3627-4664--10001
16 18758.792 1950 10001-419-4605-4799-7501-1100-5225-2378-3648-6926-7378-3635-6434-5921-4937-5946-4805-2137-1633-8005-4140-6068-7210-4250-3961-6781-7165-6224-1650-9215-7052-7076-5563-9126-9904-8257-5125--10001
17 37595.187 1901 10001-457-4915-5734-5163-8928-9012-8162-3824-6246-8770-8899-8144-856-837-4060-9971-1160-9484-7571-8185-4071-6512-1461-9251-3998-5916-2911-6509-6860-7022-3850-2728-4137-875-2796-3252-6106-8416-8480-8611-9266-3037-3156-1680--10001
18 18455.892 1990 10001-525-4224-7135-913-8322-2679-754-861-7670-1013-7309-8444-9321-4190-9193-4445-8191-820-9940-9736-8141-8352-2563-45-7090-6021-143-2923-4531-3623-5500-7174-3235-5531-9095-3871-8741-4403-1253-7232--10001
19 41083.352 1899 10001-560-620-1414-5082-9840-2939-2078-485-9514-2270-3666-6820-3947-7055-6138-4998-9650-9980-2048-5370-8184-8149-61-8284-5444-287-9463-9005-934-5261-5950-7579-7957-3365-9927-9017-1879-7712--10001
20 16890.471 1426 10001-638-7572-1999-4231-2490-5593-6318-8710-8833-7984-3759-4858-9900-6418-9726-3151-6321-2533-3579-5763-4600-3210-7690-973-3533-2462-6513-868-726-5853-3280--10001
21 18364.208 1884 10001-659-4959-1591-9338-393-3473-3733-4266-9986-3989-5811-1983-3328-6558-2189-2828-5000-2501-7414-8182-1846-1914-3758-6181-5350-8142-9354-7522-4856-8389-558-2311-6073-7587-2494-6646-3465-6973-362-8807-9438--10001
22 26451.024 1993 10001-664-7979-4018-3446-39-8578-9574-3089-4175-261-6089-6150-3530-7610-9543-5867-4923-1398-5640-1993-9910-5824-7431-7498-7284-788-3425-1869-3620-2671-1101-8835-1601-1391-486-7627-880-1359-1333-7066-9728-4487-4699--10001
23 31198.061 1996 10001-668-5275-8887-3866-4346-6234-4922-3935-1413-7211-8052-8299-9739-4182-8463-1590-6900-5291-6116-5546-5170-2092-249-9459-7987-463-6761-167-3500-4325-6627-189-551-740-7292-4290-6720--10001
24 54401.947 1876 10001-689-5353-4498-1830-5389-4574-8547-7736-6292-2252-2695-9086-293-1808-8551-8609-7350-1018-3335-25-6470-5691-9273-3462-6261-7787-3126-7685-7258-5669-8542-324-1373-3199-8909-9836--10001
25 30093.163 1987 10001-712-7561-7752-5650-7564-9608-2876-6381-1371-7491-1041-6706-7184-4884-2545-344-538-5468-6717-4497-4768-7817-5746-9895-2578-8109-1137-1314-4067-2531-6477-5618-8870-583-7056-956-7968-8124-4385-2639-4456--10001
26 38360.293 1895 10001-739-6276-8218-7316-1026-4043-9377-5284-6483-1730-1859-6016-1823-5117-1537-2192-6962-9811-9772-4353-2527-993-5243-7737-7077-4836-3351-7003-7748-4146-5044-1894-7807--10001
27 26518.061 1963 10001-761-9-684-6430-6125-7064-8572-8148-3870-651-6139-9219-188-82-5829-14-2127-2927-7517-3915-7558-1173-3942-636-2449-7130-4051-9003-5625-3493-5753-185-5036-9614-9767-8574-6847-2793--10001
28 24964.821 1792 10001-790-6087-127-6870-9054-1806-4484-8323-9600-862-3221-8068-8914-5295-1344-1216-7476-154-3551-7722-2855-8237-7382-8312-3670-830-4217-88-6601-2036-8651-9721-9884-7351-3309-339-8001--10001
29 44082.942 1999 10001-878-1155-3406-4641-1362-7724-6423-7496-8784-6789-3925-9799-4151-2676-2570-7952-6373-2798-8266-499-187-9303-5397-8252-9843-7134-5728-3959-3195-6769-6480-8313-1009-599-2224-6633-5931-4012-1197--10001
30 27282.242 1945 10001-938-2317-6302-4676-5046-6121-289-5594-9827-6397-7897-2874-2767-8760-2208-7582-3743-8118-4030-4657-9154-6293-2966-2635-5024-9541-138-4209-2109-6923-3581-354-3097-9622--10001
31 36143.399 1755 10001-996-6773-6329-8287-220-3495-2543-6248-3342-5656-7843-7243-3353-5686-9590-9390-9204-1985-6491-375-3800-1522-465-4935-5480-8830-6693-4579-3937-3895-8251-4193-6599-4732--10001
32 32020.567 1945 10001-1027-519-8635-2988-6876-9740-1857-4105-5787-1634-5926-5896-8481-1368-8128-3237-3130-4430-2937-4550-2334-6813-4668-9149-2539-6868-4990-3538-6605-9464-6563-1146-9454-3705-3417--10001
33 73790.053 1995 10001-1052-2131-4655-5009-5970-3950-98-7738-148-9006-8069-930-5957-2068-3638-9780-6382-7804-5778-6003-4388-7136-1927-8211-1325-4059-351-456-1379-8351-353-6375-318-1117-5967-3815-2526-7214-5245-1040-7565-3999--10001
34 46003.780 1989 10001-1077-7983-2792-6187-4640-4813-5742-9308-2128-6830-3002-8430-8405-1185-4630-4919-6247-9235-811-9655-7456-6351-2779-9378-4921-9422-6174-5014-8590-8889-874-331-3602-4470--10001
35 44102.378 1989 10001-1083-7989-2990-4271-2614-3344-3985-5332-4738-279-1304-2631-5435-8913-1372-8678-9383-9276-6569-1504-5068-7248-8362-2055-3435-5620-863-4546-1598-6912-4260-5410-5267-959-5976-4343-5767-3560--10001
36 29600.332 1974 10001-1153-5283-2947-7914-8324-4455-9425-3324-9374-2196-4159-229-6297-7642-8987-8537-3494-5977-7293-6683-3860-3010-4917-729-4758-3081-3621-7189-1627-7742-1837-3240-4863-4943-6451-779-4621-1224-8090-8672--10001
37 36499.908 1562 10001-1176-1913-2307-8152-9659-5837-5377-8544-6752-8548-7439-2290-7477-9576-6098-8377-7251-4172-2833-2284-9375-7447-7167-458-5602-3819-6334-621-1574-9603-4604--10001
38 38531.363 1999 10001-1245-1880-8049-7651-3589-9901-5559-8442-7483-1954-8292-9801-5154-5263-4541-7831-8476-4563-3356-7449-909-1918-9943-2159-6728-6362-8518-6663-4463-1796-5259-7040-816-9907-5698-5365-2987-3749-6054-4049--10001
39 36632.708 1983 10001-1252-8563-1015-2815-8402-7534-1034-9518-8681-7940-2766-8241-4181-2370-6718-3455-5820-3629-4148-7270-5952-5744-6142-5304-7886-4924-3458-54-6540-2573-5089-8671-435-9076-9363-4596-8222-1113-4020-3375-7811-2807-2029-6205-8454-4423--10001
40 21214.121 1744 10001-1260-2858-8908-5414-29-1663-7369-6577-6553-7104-3993-6199-7692-7362-8410-1933-8117-6678-7500-504-4961-9561-2294-5098-3867-2721-4144-4775-6850-4568-4982-3011-9394--10001
41 42343.883 1983 10001-1298-1177-2100-2491-9063-8051-4777-6154-9277-8466-2764-2356-1761-5653-1908-4816-1269-8934-226-872-8600-5469-8038-8303-9361-6968-4464-7125-4868-927-5819-3511-9096-8687-9888-8047-5601-9077-7103--10001
42 14096.454 1325 10001-1300-544-5462-8424-9985-6122-6998-2916-4532-7535-8194-3836-3314-9929-5713-2847-9131-2009-8045-5990-1035-6380-4472-2772-1341-5428-5773--10001
43 39140.978 1981 10001-1311-9545-494-7778-8875-4127-6291-3014-7307-980-5842-6641-417-8605-2871-8108-7696-5373-7247-6004-2064-2193-3694-7353-5248-4122-1447-7241-5614-5442-1001-8224-4723-5277-32-9356-3858-9199-7005-751-5762-2953--10001
44 29679.925 1993 10001-1387-1488-5381-2247-4883-2287-136-172-6229-9704-3111-987-813-948-7428-3586-5015-260-2344-6990-9820-5202-58-7769-8942-8867-4678-1119-7121-2951-7632-6660-9795-9905-1975--10001
45 49652.170 1655 10001-1394-2752-7507-9296-9156-9269-7276-9256-8494-1078-3117-6002-6674-2168-6823-5302-6878-1947-5802-6117-2499-350-6287-7099-3668-3766-983-7844-2044-9443--10001
46 36124.670 1983 10001-1417-5048-4812-8443-5190-8834-6589-595-6899-4376-5411-6797-5135-7356-7051-9938-9210-10000-3311-2004-6914-2837-5276-2239-550-9715-2371-7105-9735-2484-2797-3548-9331-9842-299-9171-5834-7123-2903-7836--10001
47 57544.482 1863 10001-1510-9118-2183-831-2122-4316-6192-4878-3967-7327-5177-8854-265-1813-5597-4514-804-4177-9049-2003-1242-7933-2507-4412-5869-3681-1514-105-6146-2895-674-6428-4214-5168-601--10001
48 23535.580 1993 10001-1536-3070-747-1283-9894-9586-6133-4328-7814-5130-390-3369-6258-1343-2840-1038-470-6892-3619-4716-8409-9462-3630-8032-9499-9953-7549-4518-8298-2283-9119-3338-7772-385-3901-9089-6897-822-6250-4208-9847-1557-178--10001
49 55933.276 1961 10001-1565-8569-3071-314-7197-9130-4874-2146-3104-8178-2710-3780-9696-4654-6837-2913-5219-5534-9093-2755-4291-4103-3170-3452-4338-9001-3580-9485-7589-5252-8469-3090-794-1956-3368-7282-8793-1974-4831--10001
50 62235.929 1922 10001-1573-2808-2253-7871-7408-2626-7816-510-8604-4575-8417-194-5860-9403-269-8042-2542-9071-3535-5822-1150-5664-2780-1953-5550-4622-5726-7992-8272-3657-1174-202-5880-6554-1616-1812--10001
51 21913.618 1930 10001-1575-3498-8020-5629-2073-4044-530-4188-1249-8209-3241-5792-7445-6936-1548-2199-1282-634-3956-706-2535-1549-7072-288-4931-4795-9116-4248-8354-4397-8381-3329-4529-6760--10001
52 10210.388 1026 10001-1625-3988-8777-5769-3175-8200-9769-5897-4763-6053-9619-1220-9794-3905-772-7048-7973-4539-8087-1582-6273-493--10001
53 58132.627 1990 10001-1694-9733-8650-5289-50-8369-9995-2730-4832-838-2747-6166-5034-1042-2043-2802-2917-1376-3376-6690-1824-2460-5757-2836-1977-2151-253-2967-3218-7703-4007-6629-4611-9127-6995-1396-7186-976--10001
54 57794.811 1850 10001-1704-2236-5472-9304-5204-1757-8159-4351-8-2010-1265-6374-8129-3625-3970-4718-2187-5418-3883-5900-4624-1951-1288-7433-9592-4092-6356-2905-2667-4360-817-5826-4581-6753-301-2810-2354--10001
55 22592.969 1935 10001-1725-9667-7643-870-5328-9978-5137-4567-1156-7802-6239-8879-611-7225-9366-3174-2859-6819-3261-151-5879-2493-3075-9854-8458-8488-5667-8896-2928-9591-400-2087--10001
56 31696.399 1990 10001-1739-7779-9421-4242-8901-8643-4739-414-4031-3048-2352-1102-5236-3735-8664-2609-5918-8673-429-1008-4776-777-2750-7641-6390-2498-9452-5816-5662-4034-2338-2562-257-4724-1580-5661-6825-8355-8407--10001
57 40262.836 1911 10001-1778-6432-4327-7299-3503-2258-7986-9109-8011-2885-7743-5182-2033-2961-8096-5132-6504-3248-7955-778-7899-2133-5732-2217-1768-6592-4527-6360-3930-3731-6471-3616-5581-7954--10001
58 35249.307 1998 10001-1779-4618-4993-574-2698-5124-556-305-3981-5265-6410-5008-1881-7008-6628-8249-1092-7365-6031-7455-6795-4104-9724-9617-5142-1876-8198-1301-7923-770-9397-2316-3923-6740-8512-895-3816-3853-5501--10001
59 42556.866 1967 10001-1784-8527-7346-2387-1082-1689-4024-9813-2165-6128-7333-4788-1589-7516-6950-4304-7519-7487-6759-1254-5201-7343-3139-5086-387-1955-5523-675-6298-1164-4830-6971-9898-5641-7400-4488-5099-5959-2829--10001
60 24433.214 1947 10001-1809-9187-4691-7092-2407-6757-9020-4695-3845-9999-8923-9297-9227-8177-5658-9598-391-1508-4141-7761-2492-381-527-7419-1853-6013-735-7426-2831-2891-2101-2809-8525-7993--10001
61 13395.521 1784 10001-1839-9689-8935-9955-4580-7546-9919-5356-4994-2910-6697-466-3102-697-8790-9972-7718-1263-4744-2674-6399-5915-8748-1969-8151-4996-9224-7342-359-4308-3404--10001
62 11453.289 1851 10001-1849-9416-6460-3084-3557-4118-1526-9936-5486-618-4215-2329-6611-3141-9737-2442-3416-4112-4787-9673-1318-313-3448-9621-9553-9446-4088-5881-70-2904-6132-4616-7061-2629-1088--10001
63 39564.587 1893 10001-1867-773-7668-7555-8950-835-3067-9214-1277-8900-1474-942-6188-9382-5749-1535-2298-9823-9808-6476-6949-394-1211-4888-6253-345-4760-9493-2867-7615-3597-3110-75-3172-6118-3536-6774-341-4281-334-3124--10001
64 15336.628 1976 10001-1877-2850-4017-4598-727-3626-1899-4492-6634-3979-8379-4084-1674-1187-8483-4794-3783-3321-7853-7467-633-2308-1319-5565-9759-3414-5023-9194-7900-5839-5361-7255-2066-1518-2957-4129-9056-5901--10001
65 44090.367 1928 10001-1888-2148-4903-7218-9355-4900-9153-2181-8138-2983-910-3140-8797-1721-9270-1658-7183-3894-8321-7578-3955-415-4152-7605-3005-5861-8474-7856-3747-2072-566-1501-8515-5736-1497-7658-7395-5264-9267-5308--10001
66 22354.683 1959 10001-1924-74-5828-5927-2229-5455-7518-5031-9263-3914-9302-1649-4372-6791-3325-9469-6667-5731-6094-1302-6713-4381-4357-6574-5679-3430-2827-3584-972-6863-5025-6468-9340-7320-5696--10001
67 45324.200 1965 10001-1925-797-2731-3563-3730-2279-6270-3909-1979-5331-1494-5293-6972-403-6800-7805-4493-5739-8453-6576-2058-7423-8440-5288-6506-7212-1079-7527-8431-3238-2083-1770-8132-6659-141-5516-5585-8479--10001
68 58151.388 1936 10001-1932-5764-7116-398-2496-7345-5535-4899-192-8895-2303-5096-9525-7934-753-1484-4358-2788-6062-4571-3726-4054-1255-540-2365-5825-4070-4379-2971-4586-6472-1937-9601-2689-2794--10001
69 72578.599 1983 10001-1995-1667-5126-3995-5159-336-3840-8943-8800-7043-9871-4415-3678-8499-8517-6656-723-6669-1023-8496-2745-3287-4361-9550-2030-6445-9768-5385-5281-6437-9800-8335-6818-1505-392-2097-5961-5235-173-3646-9478-1698--10001
70 57903.915 1475 10001-2008-4905-8511-4277-296-3015-3515-4659-2403-5279-6996-6992-7918-5980-2670-8261-2332-7190-7301-7475-6906-6219-8061--10001
71 20120.705 1826 10001-2053-271-9073-6724-2006-5587-6217-6920-1184-2314-9509-4735-1487-2194-2653-9326-7238-8181-9572-3881-1611-5925-72-5554-9398-7991-4309-967--10001
72 23336.209 1773 10001-2074-1204-4956-6317-2908-6918-6887-981-7576-2970-9738-6963-6105-9975-2047-1551-7640-3786-4906-7941-3302-6278-8187-8331-7029-7911-166-1631-1831-9439-5378-5216-7182-1294-6135-5582-9630--10001
73 11340.054 1543 10001-2139-1134-9059-4965-3532-7207-3271-1441-7939-6028-1802-4010-4356-4179-5671-4964-1370-2227-7338-3990-4985-3168-6453-9348-5983-9195-1050-1533-8776-8122-3426-6672--10001
74 26522.840 1246 10001-2220-8729-8844-8897-9284-2155-7566-9046-1762-7254-1690-9487-8253-9789-6644-5388-3701-2160-7838-7792-9963-6842-2646-6325--10001
75 19719.204 1411 10001-2260-27-3773-546-4454-272-8433-8397-268-2485-6514-3502-3253-2655-1923-9271-8158-8165-5093-8207--10001
76 17304.737 1636 10001-2269-5002-6347-8973-9081-6456-1686-1916-1597-8311-2347-8359-4643-5052-3831-741-9942-283-153-7337-4512-580-6535-2851-622-5580-247-627-7420-8265-4997-1688-6662-9515-4987-9177-1733-2749-5306-7896--10001
77 31632.075 1202 10001-2273-5890-4901-5138-3400-7591-1647-999-2921-945-4221-1513-3306-8076-3343-4981-685-5803-6676-3826-7541-6948-8653-2528--10001
78 39155.364 1955 10001-2325-2054-7026-4138-1070-9325-4163-534-995-4825-662-9085-6283-6743-9695-2786-1816-7631-8089-4156-1438-9289-4280-2518-4590-1668-2065-2959-1033-1455-6853-762-5632-5909-7666-6521--10001
79 15080.323 1921 10001-2508-6849-1714-2357-1116-1443-142-2007-7765-9652-7-461-801-4400-1751-8507-6076-5578-1883-7997-5589-1244-2428-7264-3244-5889-985-8105-5672-3387-2582--10001
80 43394.242 1995 10001-2512-3738-9369-597-9716-99-6648-2724-7947-3422-3157-2402-6988-4635-4108-1047-7708-5562-4-1707-7505-3088-7205-803-6552-471-130-5344-1189-9688-3397-1421--10001
81 46692.429 1857 10001-2551-7091-6799-7119-6082-2811-8780-5648-9886-1097-4495-1608-3904-8781-367-7249-2225-5392-7016-3539-9645-9815-5282-15-7355-1178-4289-3226-755-7300-9970-6510-2956-7322--10001
82 26773.345 1985 10001-2580-8816-562-2285-1746-1729-3863-3453-5487-7266-7834-5954-8915-8225-9758-3029-144-8763-5166-9178-5776-8674-8396-7595-4639-8637-2351-197-3424-2037-426-4164-7488-5299-467-9670-7904-8960-4554-4132-9837--10001
83 39179.836 1989 10001-2621-8174-6025-3407-535-2523-7025-4244-3775-9662-1232-7017-4145-3020-6734-2625-4742-9379-6026-1316-1194-9501-7935-6751-3700-9301-5903-5439-3838-7798-9275-6349-1286-1723-6490-2163-6929-8519-3647-7801-4968-1794-2032-4167-3762-8680-7612-9026-1010-7556--10001
84 45211.010 1984 10001-2623-3059-3423-9293-3513-2677-7550-8054-1166-4642-4320-9880-1870-8426-8738-3851-374-7109-882-9004-4779-2669-1029-9646-1815-6184-7360-7756-6457-6832-7253-2190-4050-9679-6309-9627-5164-2198-6204-5401--10001
85 23569.390 1994 10001-2634-3449-1107-5549-2434-9864-3523-4136-5997-4183-5929-6807-5300-8464-3504-9163-4880-2931-4157-8939-520-5873-5994-2515-4186-9750-6904-5150-2702-8046-9658-1875-1172-9664-3547--10001
86 32035.932 1967 10001-2641-2020-3198-3003-7652-295-4801-8829-7163-3693-2800-8644-1327-9344-8562-6497-5854-125-9021-5280-3147-4349-4913-8374-4651-3182-5155-8819-1142-4368-851-2170--10001
87 17444.007 1884 10001-2659-6438-9286-2396-1624-4523-557-605-6792-1752-7166-2652-2748-6426-7774-1081-8557-4284-5882-2940-7018-6517-805-876-6452-3944-6525-1337-5061-255-5699-1410-5140--10001
88 25282.294 1999 10001-2666-5231-8524-5780-8428-8768-5551-965-591-2080-8860-908-168-8098-4192-827-207-2025-7305-5506-2182-924-4764-5642-9797-952-2130-2206-8893-3716-2204-6486-412-3658-6463-3599-3219-7672--10001
89 50069.600 1975 10001-2729-8059-5536-3492-8752-5526-1895-4377-6955-7655-282-6640-5181-7872-1186-7721-7630-1098-78-7614-8540-9885-9461-5743-6967-1130-8420-7383-1209-7786-7413-38-2478-5693-9480-4364-6816-8711-1554-9505-1212--10001
90 54666.057 1995 10001-2806-5211-629-3310-2379-7920-812-8301-7528-9062-9381-9324-4814-7590-647-966-1617-1131-6474-1496-1475-6649-5075-6783-6011-991-4265-2603-7203-7044-5426-3049-5066-6175-6852-6371-6485-7949-4698--10001
91 20835.453 1991 10001-2830-3805-6365-656-216-7827-9997-2628-9241-7536-181-9868-3131-6363-4960-4505-4705-2980-7335-122-7296-3316-8727-5722-2272-6673-6732-4577-1777-7425-9232-4135-5907-6572-6729-9821-8044-8168-1349-9133--10001
92 11752.329 1496 10001-2853-6341-742-2929-2346-6861-2337-2608-2312-1673-478-3053-1653-6658-145-4545-41-8883-1264-6898-4689-4102-9258-853-6622-1795--10001
93 28364.416 1992 10001-2857-158-1610-5683-7586-5920-1747-5476-6018-64-9757-3137-5617-1632-7179-7490-5085-1228-7618-1656-8757-6063-2773-9569-1527-3482-5010-3474-4278-4256-6137-4178-4414-1550-6526-3384-5910-8636-8395-7907--10001
94 31821.617 1938 10001-2992-2135-2657-4370-8271-4507-5272-4169-6403-2717-9593-7141-7912-5195-9261-536-8724-2907-6951-7682-9473-7944-2286-112-5060-1357-929-3772-9762-1530-9417-2933-3587-5106-6746-9891-4783-4452-4513-5222-786-7202-3381--10001
95 18568.278 1889 10001-2993-7273-9128-7970-694-9307-4307-8538-6606-7432-1243-8256-7219-6814-8953-9050-401-6494-5814-8016-7031-653-6301-1400-2588-9708-683-3243-2844--10001
96 38895.623 1993 10001-3025-5972-9315-1287-4200-7363-8103-2557-2392-210-3745-6687-7083-4929-1726-155-2215-9977-6829-228-9497-8804-2960-8817-4693-91-6183-4730-7822-1118-262-5965-3685-8798-5056-4578-103-2143-1032-337-8971-6242-2178-9973-806-1104-1781--10001
97 37200.254 1998 10001-3099-2427-9295-8662-4306-6588-9705-9064-8965-2059-4113-9264-4393-8826-815-5446-9771-4999-3132-5941-9080-2647-9353-477-2705-6650-5395-5449-8164-3798-5464-1604-8621-596-3637-5316-9859-8822-760--10001
98 32258.051 1652 10001-3161-9685-9699-1681-8581-8654-587-8116-1836-1991-1449-6104-7110-8539-3882-1744-607-3445-5992-3060-5799-8836-6703-7639-9016-147-5721-6288-5751--10001
99 34668.473 1922 10001-3215-6113-834-5359-866-6942-4644-3065-7274-4509-2399-7532-5845-4759-3578-903-7295-6232-7459-5717-4220-6140-4468-7689-4236-2687-5343-4365-7622-1854-4853-1858-6844-2541-436-6424--10001
100 42732.711 1968 10001-3222-8886-8072-2619-1022-974-9084-8180-1037-5212-5484-4753-614-3899-129-1140-1342-5335-6755-7700-3372-5567-5419-7893-7149-6908-6333-4770-5309-1989-9465-8083-2369-782-7422-841--10001
101 31384.498 479 10001-3245-7932-9950-1911-5937-8338-239-6182-4701-615--10001
102 57702.760 1994 10001-3259-5507-6469-6459-1728-8855-3275-1072-901-623-3665-5007-9120-1600-3383-3662-2612-2954-2577-4608-3833-224-1489-8910-6348-9018-549-516-2380-347-889-4263-9102-3847-7359-6200-9610-7280--10001
103 32530.613 1546 10001-3269-9706-8933-2321-9635-468-2267-5207-8543-8333-7329-8196-5754-1133-3374-8863-5643-9107-3652-4957-5078-60-2342-5466--10001
104 41558.044 1948 10001-3285-9547-8805-3441-6361-3364-5533-8050-6417-9722-5707-2636-357-4428-4166-5101-2106-4826-3857-1044-333-5087-5936-9333-625-1426-1699-6345-8739-8648-1662-1151-8386-9682-7604-867-8970--10001
105 48847.195 1991 10001-3347-4962-3242-4561-3040-4142-5932-9604-4806-2162-3180-4934-2226-5294-4482-5203-8945-8554-1124-8665-1968-240-6840-84-6340-1948-6206-6736-5630-9372-6579-8450-8282-8493-7823-365-3994-5103-8549-320--10001
106 33033.520 1976 10001-3514-8107-2978-2203-3045-8869-4555-715-4602-9399-1645-3529-5192-1669-2848-8375-7950-5186-7049-840-8606-988-310-5262-250-378-9010-8263-6559-7143-5223-1731-5953-9328-8847-321-2110-888--10001
107 48494.671 1999 10001-3541-1722-8008-325-5030-2318-2555-1198-2691-9599-8786-6335-8690-6037-2617-5383-5684-1020-2265-2517-8077-4267-3691-9437-1671-3656-21-3576-9833-6965-1659-5238-2618-6524-1471-3181-9250-5467-1606-7291-9112-2935--10001
108 23044.277 1961 10001-3598-437-4123-5224-5104-118-2464-3856-8259-1766-2388-4593-9314-5354-3596-7390-2713-8447-7370-7860-6548-3148-9743-2590-6932-9392-1715-3434-2801-4551-7068-9468-8675-6778-8509-3352-7364-8399-7813--10001
109 37710.900 1676 10001-3601-4833-1910-4194-7927-4669-6549-3318-5244-8533-5902-8230-1240-9413-4431-8894-4272-9087-6019-9773-7671-5735-4504-2720-3431-4038-6764-4355-6237-7998-1346-6827-4295-4854--10001
110 26132.660 1996 10001-3603-4384-6377-8561-9104-586-23-7990-8260-9536-7842-8843-7727-8437-4548-9186-2353-5870-3872-8594-9863-5532-8802-854-5255-3808-3468-6354-5149-7199-1507--10001
111 16222.184 1957 10001-3622-6077-593-9233-8415-196-9809-6776-8634-3283-2171-6546-225-738-5111-7096-5234-7698-2598-3491-5260-3358-6296-7675-5574-5573-6368-4671-3976-8716-2791-4245-2104-9197-460-1587-4116--10001
112 11330.881 1224 10001-3649-7271-919-8866-1278-8172-885-487-9220-4846-3017-6824-5094-1811-7800-8113-9201-1521-7151-411--10001
113 6391.052 837 10001-3692-2070-3512-5964-6935-2868-4064-1642-5948-7888-8567-1700-6173-4682-9935-1755-3194--10001
114 22537.209 1929 10001-3704-4606-6657-6977-4761-2420-4318-9776-2718-1577-7466-5847-8012-9411-7237-5033-7783-2799-7870-6986-3291-7464-2107-6260-7281-7494-298-8874-4898-9718-6684-6180-6074-7106-8365--10001
115 38166.135 2000 10001-3714-8617-2989-4203-4503-3776-571-1121-7140-5077-222-4553-4762-4686-1756-6196-4584-77-6664-3179-7074-4421-2259-4865-1887-3806-1545-6953-7160-4647-8661-8810-291-440-8586-1732-6123-7380-7976-7645-2678-2341--10001
116 42088.630 1954 10001-3804-3185-2700-2257-6310-5485-4702-7442-2019-9513-1926-1428-4784-1250-2095-8296-6350-6580-7272-1942-4595-9249-6020-2304-4481-3624-8880-6405-9587-9311-3690-5070-3911-3655-5490-2873-5399--10001
117 23092.323 1968 10001-3809-4074-3257-4205-7760-6093-7127-5122-9878-108-472-3193-946-7297-4827-7027-8858-9951-1620-1355-4743-781-2760-4953-4149-9075-6562-3207-3443-3234-8744-7371-9182-8212--10001
118 23860.306 1957 10001-3818-6210-3138-2488-9429-3983-3155-8204-9651-8985-1810-1299-8823-609-758-6114-8691-5788-2482-603-5760-5063-8521-4362-5558-9856-5045-4625-5539-5200-7499-4293-9713--10001
119 23049.069 1859 10001-3837-9703-6689-9992-9309-869-6415-8566-6571-5090-2368-7053-8455-7484-1930-5668-1199-9181-7145-6979-4685-9287-6786-1476-6391-962-9912-2890-4886-9766-6994--10001
120 31167.496 1996 10001-3862-7543-9041-4155-7867-9649-5942-6966-2936-420-3642-7649-6488-1-9879-6981-2606-9529-5453-5711-8975-3301-8345-9419-4974-6964-6834-926-8030-7331-4391-6839-251-7889-6812-8462-1169-6937-6388-998-7909--10001
121 16727.237 1766 10001-3890-6413-5708-2958-4819-2900-3913-6591-9930-8577-5949-2276-1480-1798-4536-7011-8930-3605-5528-6564-6985-4933-3471-7729-2343-4740-2413-5894-165-7921-8828-7854-6749-6268--10001
122 6574.055 1226 10001-3945-7058-6596-3454-2699-452-2350-5497-1965-4749-7028-4438-2355-9141-3931-5102-1695-8848-7397--10001
123 18969.086 1831 10001-3978-5622-8195-223-8393-5032-5770-6631-7815-234-5556-612-163-2012-4485-1046-6108-9212-7711-9436-2805-5912-2896-7024-1594-480-4754-5710-9000-2474-4319-561-7000-6060-2914-7972-3076-7489--10001
124 34037.732 1607 10001-3997-734-8073-7508-1936-6009-641-7830-1903-9744-7102-7481-2553-7132-9845-1579-6653-90-1147-3062-4560-349-4800-529-7782--10001
125 20398.496 1624 10001-4004-6666-5315-1235-5553-4627-9481-4665-698-9455-9460-4065-523-2251-687-6190-6044-6398-3957-7930-5360-6343-6645-2408-8314-2079--10001
126 32892.029 1999 10001-4014-2596-1011-8877-7965-7246-6801-1614-9831-2315-1742-4420-8018-3723-3702-600-8728-439-7820-1057-4227-5783-9451-7479-784-8964-7155-3334-5436-7758-3641-1581-2839-3444-6893-5458-8679-6670-4406-5131-1567-4875-1223-7676-6677-4251--10001
127 23743.238 1988 10001-4048-2804-4559-6449-2753-8656-3484-9035-9557-9589-4867-9208-7771-4950-8878-4755-5268-448-1967-4745-2740-6172-1110-2694-9222-992-9597-3686-7146-5174-9088-4984-7482--10001
128 45125.574 1991 10001-4061-1801-7525-1306-3893-8585-8778-6467-1835-7458-9562-4781-2965-2172-9447-8115-6993-3631-3996-1308-4810-4790-6982-3796-1845-6980-376-7200-8792-3206-8401-5530-9157-4712-3105-5256-36-7653--10001
129 26989.006 1792 10001-4133-642-1531-6201-8552-1145-6372-7030-4413-3410-7883-7636-1996-7493-3926-8325-1276-4335-7819-102-8364-8006-5366-5121-9218-7290-1568-4652-3052-3096--10001
130 30125.834 1865 10001-4222-1324-1080-7594-8343-2140-2924-3971-1556-9412-635-9626-7633-5866-1759-9948-5812-575-5633-2741-2209-8597-1231-4752-7864-7569-5285-5440-1261-5981-7223-5701--10001
131 37808.303 1966 10001-4229-9828-2018-3517-450-8670-858-2932-3442-6422-5367-238-2134-7560-2607-3936-6203-1297-6609-3109-3835-4382-4912-6407-7770-4538-658-8750-2986-939-5171-8242-3797-1564-8699-8033--10001
132 39993.731 1988 10001-4237-2142-2011-6600-1007-4978-1310-2519-3362-3472-2597-175-5039-4480-447-9707-7101-3098-2887-3266-7328-1384-1737-8769-1919-1693-8937-3545-6976-6803-5638-6444-9373-4286-5555-4517-3129--10001
133 32423.528 1852 10001-4297-6412-1547-4660-6305-8772-4434-3544-9091-7324-7157-8487-8767-4692-9387-2470-5415-1805-2360-6055-4467-4475-5615-8625-8380-5390-413-3402-2984-6978-59-7790--10001
134 49568.708 1972 10001-4331-9332-2813-5892-8911-134-3556-4845-4573-6770-9829-4588-2882-9632-7435-4835-4893-7704-969-7256-4972-4249-6126-7462-5465-8968-9223-9711-8713-9563-677-3919-7275-8903-2722-8754-7421-4667-3284-5120--10001
135 40095.924 1987 10001-4339-6808-6006-9007-8815-6882-9786-7473-821-5503-1636-5297-1148-1963-4081-4727-9556-3298-1213-4090-1307-590-6775-5893-8734-5194-720-750-663-8394-6744-9009-7268--10001
136 26982.052 1938 10001-4341-5347-4424-6473-648-8774-4198-1120-8859-2627-3348-6163-4707-5993-2889-1665-2067-8565-2063-2592-2701-7980-1743-6593-6000-7158-1720-3570-8646-4223-52-4802-7688-1800-8291--10001
137 30296.401 1876 10001-4437-6582-1334-680-9489-8031-5079-4241-280-330-6768-8081-195-1585-3531-3886-6991-7828-6394-7725-6747-4674-2363-2999-7107-3615-3949-8841-4086-2309-4970-5823-7773-994-7726-8730-3036--10001
138 42721.138 1964 10001-4510-2057-6889-6862-5883-6738-7089-2221-9310-7239-8279-2186-2703-6427-9144-3312-4565-8490-1429-4904-2430-8372-8382-3669-767-4058-6107-2643-5474-395-9432-9428-1889-1945-1915-3144-3948--10001
139 38591.913 1896 10001-4544-7452-915-9549-986-7080-6110-3072-6555-4180-5963-2778-6817-418-498-6838-3201-6756-2692-3525-3569-4890-6730-9512-2263-7277-1828-1466-2242-7384-3975-5141-1459-8065-4258--10001
140 30032.499 1193 10001-4670-6231-3898-6961-3183-2211-1202-2238-6353-8596-7185-4345-8316-8659-2841-7919-5173-4661-4478-6086-6383--10001
141 28798.646 1965 10001-4709-7444-7283-4677-8294-5333-2832-4063-9067-8254-4259-3213-8630-7318-2300-3470-2537-8773-5858-6750-5459-824-3064-2061-3481-9268-9336-1217-4650-2479-1939-802-8449-7937-955-2941-7562-6404-6324-9500-5519-9167-4939-5789--10001
142 28840.659 1999 10001-4748-1586-8169-3888-9966-9725-6081-6945-654-5038-8885-3209-5314-2909-893-9671-2645-7021-4736-3977-6537-1785-9188-8473-6685-9228-4046-3932-7520-4628-3707-9404-5681-4373-6597-3827-5477-9994-4476-161-5933-7969-7176--10001
143 27365.866 1872 10001-4750-9453-6695-3980-7302-6241-3727-7472-1961-3101-8350-5940-524-67-6493-1378-3928-9998-1544-9675-6289-7552-6041-3810-5420-9844-1741-5512-5692-6647-3355-302-7303-6001-1664-6970-3046-6583-2228--10001
144 14425.825 1837 10001-4751-8693-4296-3582-7377-237-8003-1289-3884-6790-7357-9993-3572-3031-6568-2600-8475-4199-7559-5975-1259-4829-1848-8546-3753-3042-6604-7763-9897-2860-3486-9433-4052--10001
145 15518.161 1944 10001-4809-7453-9911-4021-7332-5944-4703-6300-3433-9802-4525-5514-6603-6238-8295-9097-7971-6637-2864-5172-5801-5312-4966-6530-6939-8094-1054-5619-4076-7999-9339-4473-3732-9229-2976-7150-213-2680-9415--10001
146 32731.540 1994 10001-4815-9022-6255-1827-6901-3114-7257-3583-3671-5076-5542-2548-997-619-1182-157-9061-3661-8782-2719-8624-4542-6733-9519-2116-3203-2546-4077-5217-7065-2481-6851-388-4232-8702-9968-2637-4681-17-4626-3593-8990-582-639-2812--10001
147 49756.107 1977 10001-4859-3610-2421-1115-6921-7596-3095-9449-4896-2214-8080-3021-5160-8980-1076-6698-3478-1696-9230-1578-9874-9965-3399-5800-4789-9045-9588-323-3865-859-9389-1692-8366-2138-4708-5723-5511-3607-3526-2521-7833-7694--10001
148 25347.690 1927 10001-4881-5765-3032-5463-8506-2200-8100-3297-1613-9442-7094-2249-5958-9521-431-1236-2776-4230-8315-5772-2823-256-964-2333-3163-9684-8348-8370-9247-3687-9639-950-6007-9306-3294-541-3216--10001
149 43911.048 1780 10001-4975-2571-2271-5863-4850-9025-8743-9896-3814-5322-7593-1058-6533-7403-8276-2520-7020-7108-9400-2382-7767-9225-6264-7619-9932-9672-8452-9625-9826-3711-555-1864-2089--10001
150 31320.612 1844 10001-5006-7881-6726-4528-3654-4722-3644-7133-2649-6211-9281-5429-7799-645-5934-9103-8986-9644-4326-3255-533-8436-1109-6284-6952-3188-1486-8136-4537-4117-5249-4404-4447--10001
151 10270.016 1712 10001-5011-5341-1542-8288-3205-4562-4928-3-4322-3614-8330-1904-2739-4791-1750-9320-2268-8929-6429-205-7117-51-3476-7389-434-9872-124-8925-3554-2899--10001
152 17837.620 1572 10001-5021-3508-8238-9909-9283-9070-2417-5019-9174-6235-2486-397-8202-8280-1678-8709-2754-3754-8919-6012-7740-386-8616-5352-6784-3428-7492-4648-3267--10001
153 43561.522 1812 10001-5114-8029-5129-8612-116-8972-7982-8111-3574-581-5218-8706-9528-5974-6916-1207-5483-6987-5547-4522-6715-2998-2556-5598-5840-2525-7863-7826-7568-9240-5596-1607-9657-5254-8708-2591--10001
154 37653.846 1995 10001-5179-2663-6615-640-4500-3386-5849-3940-7603-5091-6355-2602-206-3019-9198-8274-198-2167-6890-5029-3636-1218-9435-6651-8676-9602-5758-1464-9607-8477-2031-4411-6913-3357-8853-5923-714-3390-3083--10001
155 20160.874 1763 10001-5185-8489-768-6881-6038-2028-3418-8358-5473-371-3030-912-123-8737-9113-8736-7015-497-7440-7938-5895-8576-7785-6766-7367-2707-7866-2124-3022-8326-873-3230-725-1814-7715-8277-6307--10001
156 43069.643 1990 10001-5191-4617-8392-3534-309-7406-5153-9209-2506-1628-4808-8278-5325-4436-5471-1712-9294-4871-4115-4363-4629-9892-3477-572-4747-9148-3724-6050-9262-2241-5561-9124-1190-9817-1495-8956-3041-643--10001
157 18924.834 1692 10001-5206-8954-5416-1270-3519-1201-7374-3279-4969-7916-879-3760-217-8320-4844-884-8982-4848-6884-8958-8055-1241-4821-3330-2743-1105-2584-1399-1640-8429-5003-9358-3689-8114-4107-8391--10001
158 18327.736 1620 10001-5228-4494-4390-1246-5592-8123-5229-7803-5982-9710-6367-2476-2439-6762-1946-3848-7788-6281-2919-1195-6109-6465-1473-7314-2114-1322-9638--10001
159 21266.849 1984 10001-5233-1560-1788-4679-7908-8408-7139-894-8166-2735-7294-9920-9285-451-5848-5793-1404-3249-4772-9172-5659-8010-9158-5673-9681-2330-6433-2661-2233-4720-844-117-5240-6223-5984-7865-2662-4914-1697-2001--10001
160 15813.785 1926 10001-5286-2946-5945-3432-4134-8607-9408-9450-2117-6091-7078-1832-4796-1402-7399-2504-5337-406-8465-8618-4442-4234-2051-9990-24-2400-1043-7545-4443-3389-7261-8545-1234-5928--10001
161 15222.801 1744 10001-5305-4684-1841-4276-4096-9796-479-2292-3703-8639-3674-1676-1175-9445-9033-7358-1143-2035-798-2569-1705-1347-1825-7177-6214-902-628-5943-8041-5047-6254--10001
162 53824.737 1776 10001-5307-1820-6534-4089-49-3377-1361-1767-6584-5396-7060-5678-745-3667-4782-1829-1920-5358-9987-6989-4383-9216-4378-7215-1666-809-5368-1226-6520-6505--10001
163 40032.590 1954 10001-5326-3028-6023-9196-4299-4583-5724-5074-6387-2732-8092-244-8009-9835-5387-1856-2393-2746-6153-9814-8250-8881-2560-5162-4212-3087-5143-3874-5796-8884-6047-7677-1450-9164-2477-1709-8667--10001
164 25906.259 1987 10001-5340-9788-482-7868-1787-2593-1641-6244-9024-1351-3849-8794-3134-3832-7647-1016-3830-9877-492-2644-2386-8583-3251-7635-8258-5660-7242-5807-3698-7903-4543-6777-3171-5568-6632--10001
165 28494.458 1971 10001-5355-8495-7584-6327-2969-733-3225-7310-8459-6602-4520-6888-4719-230-311-931-1866-9316-9300-6129-3910-6984-5595-921-7252-6731-6919-4842-852-170-8571-1734-5404-9346-2866-526-5050-1442-8534--10001
166 29708.215 1989 10001-5374-43-775-4029-7775-4439-4301-1959-33-9051-4634-449-4225-3921-5398-2280-3633-5057-2179-9620-6871-4066-6032-4261-2295-2422-5817-3844-5529-5504-8120-9945-1458-9582-9319-4576-9479-3120--10001
167 32011.169 1725 10001-5425-4401-9237-9431-8497-1093-1764-2886-9329-1436-1905-9238-3107-766-489-9893-7679-8510-3740-8171-1502-2389-9686-6090-6794-3277-5675-8946-6557-9643-4451-316-1084-4940--10001
168 18017.486 1973 10001-5430-4218-7126-8035-4713-8532-6909-3143-6393-2184-2153-5269-3782-3119-5205-7478-3761-3322-5051-2219-3608-4823-3763-4075-1045-565-7945-2918-8961-9200-7650-2248-8940-4885-8846-6228-326-5196-5588-864--10001
169 20893.662 1977 10001-5431-5608-1108-4350-2934-2375-7547-511-1583-490-1128-2574-6209-8640-7287-4852-4395-4270-8556-9298-1262-209-4371-1943-2704-7607-3133-6282-7113-421-5635-3039-7033-1506-2620-6500-9613-1465--10001
170 20418.862 1916 10001-5441-9913-3720-5391-6700-2377-5072-6867-3896-5188-3869-8698-8707-7100-3346-1296-4246-3026-3108-3889-8071-7427-7502-3643-6202-5584-9042-3521-9991-3224-2863-3085--10001
171 27161.014 1991 10001-5482-8427-491-1452-3991-3802-8592-3483-7613-3061-1949-7821-7181-6389-4977-5049-4453-4460-1256-5258-361-4620-2870-4409-907-4093-3680-1900-6419-4941-146-4976-5999-1221-7747-6442--10001
172 16557.080 1931 10001-5538-3590-6198-5105-1603-5348-6378-2522-7148-7265-7152-774-2696-4197-120-7657-2938-4226-7361-899-9040-3236-897-9142-4321-2651-5687-9958-3734-9784-1703-139-8827-5146-5705-5055-7446-4680--10001
173 38512.607 1996 10001-5560-6152-2373-3606-211-4130-7890-3744-8004-4726-2017-1280-3527-845-9742-672-5432-1782-3258-4721-7996-2455-1660-4817-3639-5230-9134-1738-3924-9578-3451-1990-2191-6303-513-9852-4951--10001
174 33036.607 1982 10001-5570-8017-7542-4085-5393-3323-4097-193-1112-6285-9954-505-4154-2115-542-7664-6745-303-1470-80-9961-5402-6928-2349-9747-6617-6461-264-4323-528-8615-676-8467-9581-3660-1499-7750-7509-1935-4902-7880-8062-3006--10001
175 42505.197 1988 10001-5709-4433-3613-6772-1435-881-6938-9032-3933-4446-4766-857-1892-5996-6754-1060-8684-4582-6392-2500-7047-4786-5577-5227-3385-370-1763-396-7749-8121-4587-1053--10001
176 29627.118 1995 10001-5712-9288-5475-199-6312-6910-5670-8097-1687-7839-3176-7695-4426-7796-2835-5329-9491-8941-9730-1219-1066-5145-7537-327-1382-2015-3825-6369-5583-7039-6941-1467-1748-3256-1132-1374-6216-348-2432--10001
177 22926.695 1930 10001-5777-2013-5375-5505-4656-5323-3122-2154-1596-6561-5400-7014-7392-5714-3953-5738-553-5215-7396-3055-4704-443-5221-7719-8356-8236-9136-570-4947-30-6710-9774-4039-2141-624-1063-297--10001
178 48177.777 1999 10001-5813-8602-1897-678-5161-3367-5884-9114-977-5755-6478-5833-2039-8423-5851-5470-3496-3396-4849-1984-4465-5175-4036-8024-6379-3828-8564-8669-4918-7010-9720-3263-8353-5054-2962-842-6785-1385-6145-1336-1059-7526-3892-4540--10001
179 21466.367 1661 10001-5843-8658-3074-800-5510-898-9806-2136-588-3741-5779-1833-4944-8811-6358-713-2869-2223-9641-7625-8978-4521-7661-8281-7753-728-1432-6331-6946-8528-9778-5697-1630--10001
180 9458.232 1519 10001-5899-6722-9388-4619-737-9527-7220-9577-1826-9858-9420-3922-1982-1863-5786-8434-3880-6782-7231-5018-9391-2599-6213-847-4422-6499--10001
181 37382.954 1992 10001-5939-3842-7684-9846-6654-7023-9143-3232-454-9038-3795-722-3834-179-4087-522-5-6450-1679-8435-6481-3820-4187-670-6538-9634-3001-6934-8210-606-8599-2759-2466-8309-5815-8951-7884-5128-3778--10001
182 44860.973 1998 10001-5971-4980-7436-9110-115-3719-4891-2838-7468-9202-7873-4649-3777-5292-2188-3675-941-2120-9570-9883-7366-7693-9253-8715-8761-4352-3964-3868-3413-1978-3282-2256-203-9160--10001
183 16106.907 1911 10001-6048-8890-1440-2322-8974-3440-1922-3113-6518-1411-9567-871-2150-4461-2152-8223-1348-3080-8110-5969-1138-5991-6608-1637-9668-453-5158-8192-9555-954-5774-9039-9254-6259--10001
184 44910.458 1976 10001-6049-6167-2144-9819-7326-1317-2550-233-3543-4862-7928-8955-8513-4082-9203-9129-8888-8036-707-9456-2996-6119-5495-9816-5604-5637-9226-4615-3900-6249-1350-2123-2435-5677-1364-2093-1740-8718-8153-4162-6030-8701-6272-259-3920-1713--10001
185 21592.501 1881 10001-6085-5213-4126-4569-107-2077-9359-8756-9345-9979-1834-2090-6332-7592-1439-6590-6848-696-8007-5756-7755-3043-780-9248-8229-2372-4991-8075-7733-3354-3457-8203-6162-3419-5247--10001
186 12732.744 1599 10001-6112-6804-8849-8751-9533-8310-317-1049-3223-1122-6314-7544-152-6680-8703-5700-9873-1453-7144-7959-5342-7960-5271-9594-2405-9466-2564-2615-5874-1048-8130-9069--10001
187 20244.751 1970 10001-6178-6226-4168-2544-849-9426-6528-1753-922-2328-4201-5394-8613-7962-9066-3178-2816-3190-2884-7434-2441-5745-3640-9824-3035-3973-2487-4489-5042-422-1555-8851-126-9855-9660--10001
188 21049.035 1761 10001-6197-5904-5178-9925-6642-8984-3929-495-6527-855-1871-7699-3408-3349-7415-2601-3307-9760-1271-7874-9502-1874-6243-4516-4101-8411-1069-9666-4694-2359-6516-2024-2901--10001
189 47856.621 1995 10001-6251-9962-1754-9100-6269-3710-9573-2684-9701-8088-7196-9745-4847-8205-8809-4399-4008-6227-518-3262-16-1890-5850-405-1192-5330-4971-2559-8135-6613-1019-3501-9848-4111-1931-6384-3537--10001
190 28715.612 1918 10001-6265-961-9291-4769-5566-7233-8419-7936-9946-1006-76-8969-2180-9949-2727-6545-6043-6400-8904-8239-6704-6402-3450-5703-5226-8818-2509-6446-3264-2319-10-8342-1446--10001
191 39601.632 1677 10001-6323-9074-8243-3273-2425-8413-1524-1415-2611-410-9191-6069-1672-5610-5998-7656-9922-1569-1885-3984-5838-8492-2098-3561-94-6585-3033-5579-4774-763-1972-9418-5968-2777-8620--10001
192 54905.342 1953 10001-6352-9173-3505-5868-1014-8027-6344-6267-3333-7511-9337-5919-5339-6157-6096-7510-8156-3274-7120-6179-649-5287-6401-6487-1511-4072-9609-6489-3456-6337-3247-6858-6859-5685-719-8631-5689-4948--10001
193 13155.943 1738 10001-6406-4001-9752-5962-6843-5846-4359-5852-7062-22-6855-4273-312-5680-6598-8924-1921-4734-963-6974-5798-5422-5321-4282-2820-9746-2682-8297-7869-1312-5821--10001
194 20791.000 1672 10001-6411-8735-9506-8588-6484-1377-7012-5810-9213-8183-3063-6431-2768-7850-364-2540-6029-7122-9535-5376-2336-6315-2469-752-8801-7791-829-1780-3436-989-1618-9385-2982-695-776-6779--10001
195 4616.211 725 10001-6448-968-9047-8832-3103-6956-8206-8383-7540-5924-4324-8766-433--10001
196 29563.801 1924 10001-6570-7662-3044-2069-1538-3317-7454-3447-6447-3736-5496-184-5856-2463-3106-9522-9357-6158-5569-2210-1203-9105-1188-7321-2323-6614-4032-6699-2672-6222-8387-4009-5935-8220-402-5716-1144-4506-5208-1281--10001
197 23405.034 1966 10001-6619-814-245-6902-9239-2552-702-8872-3305-7153-9926-5634-2288-2145-6721-5062-8655-5832-7789-3475-5059-5797-594-5266-4269-135-5857-3709-9371-7071-6705-5612-1423-6798-1021-6758-8199--10001
198 49954.011 1992 10001-6788-2725-1323-1941-5193-1381-9803-8845-1095-4369-2426-9111-8959-7995-8868-4121-2381-8742-5844-8917-7667-4479-335-9544-8290-1089-1786-9983-9781-9546-703-850-8505-9918-6879-5985-2576-5454-4803-2415-1469-2096-6207-1229-6957--10001
199 33378.954 1992 10001-6886-7035-865-8530-8745-6802-4614-3146-9030-9967-5412-9368-1272-515-5729-2129-5498-1797-2075-4637-3634-6652-4811-7848-6304-8328-9503-9656-4711-1380-9825-4449-4153-8906-4834-3817-1769-2301-1408-4189-4045-9185-4078-9496-4515-7410--10001
200 26065.203 1919 10001-6915-8871-1612-3350-7768-5461-9147-7288-1493-7858-5645-5922-8014-5041-5809-4311-9234-1230-1444-4069-6252-3012-3094-9702-7895-9507-4909-4334-2438-3938-1191-2897-4861-2915-9343-3439-469--10001
201 10917.941 1114 10001-6924-501-3337-6896-9341-3371-4398-3757-7097-3415-3437-3746-1838-5092-5199-3276-8891-1964-7131-2000-2549-2475-8788-9440-3653--10001
202 46170.904 1891 10001-6930-8831-7548-4394-4792-8688-2016-1478-8167-2536-1068-2398-7204-2575-1430-9057-3811-2345-5695-6059-1208-7580-7450-5022-1127-1773-8286-8921-8137-6822-1543-3228-9628-5606--10001
203 7777.409 841 10001-6958-736-455-7095-1893-8216-8147-3846-6565-8926-9245-9988-7660-4530-128-2714-5841--10001
204 29301.683 1982 10001-7067-2511-799-4228-7013-5371-28-9272-3982-6833-48-8406-3150-2872-984-4002-8694-6171-6679-4374-3068-1736-7958-254-8814-342-9409-416-7311-407-8228-1451-9697-26-243-2902-9611-3829-3509-7262-6040-5571-1626--10001
205 26536.827 1953 10001-7073-9761-4534-5508-5427-1817-3197-9741-9138-8685-3571-6320-2022-3289-8682-705-3250-2410-6421-3752-9559-2461-9367-3292-6856-5136-8806-9125-4780-6160-9964-1717-5274--10001
206 25938.324 1929 10001-7075-8139-8570-5988-9370-5527-8231-1906-8248-9362-235-9322-8127-1909-2879-1103-4892-8398-7341-4785-3038-4597-2888-7339-6191-6515-5605-1389-7621-5631-1962-5517-8057-3542-7216-1595-5872--10001
207 16662.903 1859 10001-7079-8579-3361-164-3254-4603-1258-329-5973-9748-3969-9052-660-626-3405-1114-2404-65-8119-1529-1776-6661-4552-4653-1928-2878-4822-3966-6828-8629-1003-9236-7609-9401--10001
208 45158.789 1946 10001-7088-7162-8079-7628-7387-6420-3946-5586-409-4949-9783-3073-4210-1503-428-1803-9640-1477-319-1165-2111-2026-2756-3487-6147-9734-4165-7308-1987-602-2147-5027-960-4120--10001
209 21890.420 2000 10001-7112-8704-4936-7512-6061-2429-7228-9205-5058-3380-1710-1561-1149-8269-7877-3136-3756-57-3918-252-5649-9661-8663-3300-9753-9579-20-6894-2230-7032-1375-8404-7448-5720-5544-1366-900-5184-9882-1619--10001
210 42052.147 1998 10001-7137-6155-7391-8762-6342-3906-4079-2817-2769-8037-7669-5572-1940-8346-3187-258-4243-5830-2604-2547-5995-6507-2076-6835-4033-8632-106-9183-5270-1090-9857-3859-6735-44-4765-7906-1850-7161-686-9924-1075-6275--10001
211 34171.111 1943 10001-7172-475-2060-5987-2374-6671-1992-9122-8649-3528-3191-372-5522-1328-8912-162-7683-665-6712-294-2446-9957-7504-7887-6396-7170-3392-3123-3781-8053-6262-547-949-3023-6075--10001
212 11981.200 1431 10001-7198-4958-9510-8232-7063-730-7611-3843-877-8758-6070-1036-5784-6519-5906-2348-1158-6056-7602-1365-6357-2668-3546-9395--10001
213 40749.553 884 10001-7315-8157-4683-1354-2483-8190-1546-5187-8025-6322-4042-6573-4216-3706--10001
214 43888.588 1929 10001-7375-273-4631-3016-7777-2849-1878-828-1200-5241-8091-404-1071-8575-8082-2364-1248-2763-4128-9068-8318-4342-2340-9770-7168-1792-5875-8700-6508-7009-886-6927-2632-5525-8962-2972-4026-9423-6208-8155--10001
215 21200.511 1967 10001-7393-4459-4095-1976-978-9841-848-4895-8796-5197-4264-3326-1609-208-8134-306-7951-4828-368-2081-5278-4285-263-6503-6737-2589-9931-2412-8803-9914-8163-7050-1566-6263-7240-4053-4019-3401--10001
216 27994.549 1946 10001-7506-8952-5456-8300-9629-5855-3227-667-2335-3382-1179-2771-9002-496-9526-2554-9494-399-3769-6556-9683-4025-2281-8472-5403-6414-3764-1062-9727-7974-7530-2948-7407-3239-6115-6891-2240-5336--10001
217 15268.506 1964 10001-7623-1339-818-9175-2397-8026-7226-6189-9349-9043-446-96-7045-2444-9539-3628-73-5785-9094-5859-3822-9676-7862-4435-4098-548-8048-1719-4035-5220-7810-2440-3050-5069-8133-7573-8689-7001--10001
218 44066.730 1956 10001-7626-979-3034-8217-4314-9036-1520-9866-5118-6017-673-8560-7147-6294-4872-5989-3558-9754-4897-5599-5037-2320-1760-1483-6143-6925-8686-1821-1353-9278-3510-2041-6159-5005-3807-6763-5835-932-3877-9023-3152-2613-3516-1126--10001
219 34162.988 1879 10001-7644-3296-3839-7599-1491-9554-6873-8979-9279-5134-4268-6194-9139-6810-6111-2394-8461-5043-4879-5966-5372-5095-6124-6567-3229-6708-1168-1701-655-7460-9028-6336-8520-276-236--10001
220 32719.475 1999 10001-7665-5251-2149-42-9150-9875-7678-6496-85-796-8337-6193-8995-4771-1091-6218-7317-9775-1901-4344-6436-9259-807-1677-7829-62-7041-2132-2861-1865-5616-9839-9790-5144-4233-2856-3127--10001
221 21055.581 1987 10001-7706-8633-4499-7529-2451-3217-6688-2094-8445-8981-7654-5590-9380-338-3792-5246-358-6623-7878-5886-2313-4174-509-8622-5408-1884-1129-7851-4160-6100-9444-8504-6821-4288--10001
222 30967.697 1994 10001-7717-8226-9155-7553-9376-604-1957-3327-7701-3393-8022-1170-4055-4298-3398-4305-3411-7192-3202-4870-5311-6846-9101-3697-3507-3721-2195-6435-5362-7806-8746-6831-748-8789-6386-4838-7098--10001
223 12749.825 1902 10001-7730-7348-8034-6581-2852-9560-1292-3320-3378-3056-6805-514-6186-7404-6543-1431-7597-860-9274-9618-1558-8927-2157-4564-793-9694-9457-2892-3499-3751--10001
224 46696.080 1993 10001-7757-8692-3722-2103-7926-4457-7250-2945-2473-7087-2893-1862-3057-1623-4330-3506-1998-9350-3617-6149-928-8270-3951-7093-3340-4837-9145-7849-7924-4040-89-2452-6036-4973-5040-6156-5541-9939--10001
225 41908.518 1957 10001-7793-3611-2275-7861-1912-6165-5781-7845-5818-1675-352-343-9099-6065-7386-377-5290-9318-2973-3960-4612-97-592-1847-6103-9083-8619-6084-1284-1463-1512-4585-8368-4855-2437-5386-3699-7381-1960-7259-6621-3154--10001
226 38817.963 1921 10001-7879-2448-7019-9631-808-8536-4728-8457-2912-757-4601-1685-1872-5891-8112-5334-2826-4336-3986-6682-5513-1320-8976-3211-9098-484-246-1326-5434-4023-6039-3004-6326-7514--10001
227 17618.883 1405 10001-7898-4204-1605-7164-7417-8501-7330-5165-3304-5947-5080-4375-6280-1386-6313-3345-6943-6010-6959-1929-6131-1644-86-9313-7857-4416-6395-6359--10001
228 15893.142 1814 10001-7915-9899-500-79-4882-2205-7070-8056-4161-2783-2062-4549-8963-5730-2738-1643-444-8421-3550-3489-958-8967-8131-9211-2944-2744-756-2638-6127-7925-2-9508-1938-749-4405-5445-1454-6338-1412-218-3260-3360-5064--10001
229 31297.133 1752 10001-7943-9665-6151-2834-8864-4672-1397-6931-843-2021-442-1898-2310-1420-7581-1842-6765-445-3058-1516-4673-7208-630-9917-8066-5443-9014-9407-508-1434-6665-4348-7686-2362-8247-6177-5357--10001
230 33355.313 1740 10001-7953-3612-8852-8516-4005-4599-552-1472-1646-1267-8264-2906-5127-2736-4407-6212-7885-1074-650-5303-3968-4441-9031-9055-2706-7574-1135-8991-1225-4983-6811-975-4150-4926-4864-7784-2795-2112-1490-6587-8468-4114--10001
231 47759.400 1929 10001-7966-8531-3555-4697-8193-9867-3128-9974-9299-5808-8302-2510-7588-746-8376-9255-9488-7680-7429-1638-8384-2467-5448-6885-545-5147-7379-5805-7059-1061-9921--10001
232 47096.792 1976 10001-8173-3336-953-2513-4986-7741-6639-9669-3200-9207-5113-2255-791-6607-6877-9552-5887-6947-512-8102-3379-3852-4396-5318-5978-6170-699-6034-6078-718-7585-6529-7206-2443-9168-3588-4818-2472-1498-481-5313-896-890-2395-2306-5540--10001
233 55810.013 1988 10001-8267-4636-7697-2084-7732-6701-701-4511-1851-9941-4011-6015-7563-3332-2803-1180-2419-7285-8339-6550-267-8603-4570-6346-8932-1409-1171-473-63-4610-9458-1266-6865-4466-5706-2366-8641-9106-4317-7720-8652-4100--10001
234 10490.841 1118 10001-8367-2532-9810-1418-3577-2174-4607-7084-8357-5908-3559-1210-3166-8740-3916-6079-1181-892-8795--10001
235 37738.270 2000 10001-8412-1724-1966-7716-4613-8902-4725-3121-427-7086-8948-7961-887-5733-6144-2821-5674-9764-6523-119-5317-584-2278-7809-1335-4490-1592-632-4062-4508-1056-8526-3093-8125-3403-833-4240-8717-1039-5310-132--10001
236 16745.735 1868 10001-8500-521-970-2534-7876-7195-5351-2787-5682-982-1193-4979-4925-4458-7111-3173-1096-156-9700-4099-8598-4995-9798-9342-823-3281-7988-7340-1005-4486-9424-7794-4930-1196-4623-2436-2561-9048-4283--10001
237 20025.790 1802 10001-8550-3363-9079-6854-8508-3272-3568-7344-5752-5750-539-4041-4425-4663-5413-2185-4715-3688-1727-5380-242-1971-4131-1051-380-5450-4158-3341-5338-7808-1517-2431-8541-6328--10001
238 38064.720 1966 10001-8587-6841-6046-7244-1570-8916-5112-5115-1356-8553-5417-7523-7470-1986-4938-5460-3873-5836-708-3878-4239-9434-2088-5479-5189-4419-5119-278-6771-6440-183-6225-1086-2082-3728--10001
239 43476.065 1945 10001-8623-1482-7910-2207-8390-110-559-3684-3268-1028-3609-3793-1388-3069-3308-7977-2071-2964-186-8332-1684-631-4873-2324-6164-2293-1886-2305-1639-4380-7616-5647-6815-9623-6092-5088-8535-7751--10001
240 39625.415 1998 10001-8642-1457-2822-7461-2289-785-9482-9792-7646-6083-5320-4988-459-8491-8856-6051-7832-891-826-6290-4109-35-2995-4696-5768-6635-9537-2411-1599-2824-4687-4170-3480-4633-4310-3460-2981-769-1257-3974-8063-7606--10001
241 40876.220 1992 10001-8647-8725-9511-1303-7441-9902-2176-8240-5543-4015-5478-1106-6907-2630-1460-1275-281-5053-8677-2125-1392-9595-2974-8839-4417-3729-40-2790-744-2390-8584-6626-8850--10001
242 53702.485 1997 10001-8697-4741-382-5109-1424-8749-8966-2201-6245-4347-19-3100-8186-4367-8255-5865-4013-1783-2930-3864-3135-6866-8905-7142-241-1652-2942-9698-4427-9869-7394-5591-1291-9956-6541-7967-7201-9830-5871-2282-3051-2757--10001
243 65357.866 1981 10001-8732-3158-1167-4989-182-1017-4275-3618-4444-3220-369-4366-4402-2920-6482-3490-3912-2685-3164-4254-8947-8214-9483-700-671-8189-6864-7082-616-646-5719-579-7503-8074-6168-66-4110-517-7347-8484-4213-2985-8668-3246-4804--10001
244 36746.361 1992 10001-8785-1500-2642-1403-4292-6714-716-8936-8289-6236-4171-502-4843-9347-3145-212-951-6895-6366-6711-7554-9170-2406-3466-5888-7841-2231-219-3047-1952-6408-346-2660-1749-9677-6638-589-9516-6099-5017--10001
245 45027.001 1929 10001-8861-1509-4047-8179-5611-1025-7946-1691-8349-9615-8857-2471-8882-7812-4389-8363-6101-7714-7902-131-6595-819-8626-3549-3972-4173-3192-7964-7465-7691-9674-4119-8999-8989-5665-6806-3683-5123--10001
246 42999.963 1970 10001-8873-3939-2529-1588-201-7485-7735-4967-56-1345-8591-5214-441-1958-2339-7837-5552-8146-6220-9969-2458-3908-4807-1745-3715-9749-46-1330-507-6874-9531-7638-2665--10001
247 41406.777 1928 10001-8907-1073-3388-4083-8838-1313-7776-608-4646-9566-3774-5028-4147-8013-1539-9090-7825-6370-6097-109-9121-2572-578-5626-7193-731-1055-8478-379-5911-3000-846-4869-6141-2926-7702-4860--10001
248 21825.758 1971 10001-8998-8143-7278-8824-759-2581-1305-275-7354-3115-7138-8244-9881-4524-95-92-4737-1285-2385-6454-2963-2401-6566-3676-7325-3567-6675-2567-2056-2949-8610-6308-2212-8400--10001
249 36505.069 1973 10001-9008-9548-3233-1523-4502-6498-1031-8446-6066-2686-8765-9115-8336-3319-200-3907-9605-9486-4526-1559-7538-4211-7917-7575-8503-2845-3018-2105-7069-5250-2433-1576-8498-6686-2027-2516-3438-6960-160--10001
250 28474.571 1985 10001-9013-328-1532-2737-3054-666-3768-5688-8448-7600-111-1840-6532-4945-8918-940-8983-2291-1716-8764-6088-8759-681-5509-9976-6787-6033-6716-8791-7159-7349-3395-8438-8628-3767-4877--10001
251 8621.402 1152 10001-9029-721-12-4022-8329-3118-285-1395-3208-1807-464-6045-7002-4303-1852-1758-4666-9908-2424-4839-3066-2658--10001
252 40717.421 1602 10001-9132-9653-1552-8245-1125-8317-6725-5636-8470-704-2514-6376-7840-6441-4557-9058-8043-7495-3394-7412-692-2023-4196-4191-7306--10001
253 37897.760 1994 10001-9166-3748-1024-5718-3575-1988-4992-6271-114-286-1064-8993-2177-6547-2002-5110-4778-4279-8522-3903-7313-3552-563-9812-4942-7438-5020-4889-2693-8305-567-8145-8160-5198-3696-9633-5237-7891-2250--10001
254 46994.533 1998 10001-9206-7598-2690-9648-7875-4418-6035-5035-3290-6944-1227-2762-7187-7931-1973-7222-5877-7312-7705-2968-4302-936-6933-4471-7601-4448-1437-4235-7194-5421-1970-9944-9692-8559-4797-9680-4662-4535-2775-3801--10001
255 37988.196 1930 10001-9246-2459-5084-2296-8208-2524-9568-6008-3604-6826-9495-4469-7368-5791-8779-9292-7731-637-1528-3718-8067-7583-8234-9791-6560-2622-1804-1819-3125-6409-9146-2650-169-5702-1087-7178-6274--10001
256 37993.977 1805 10001-9260-9498-4202-5725-2495-171-3803-2086-4206-9916-4675-7405-101-7634-5108-4589-373-7191-4501-1896-1358-9123-7289-1433-1635-4746-221-764-9152-7279-2784-9981-6120-531-7956-6869-6655-3412-920-3600--10001
257 12143.639 1955 10001-9334-5955-3429-7975-1141-6709-2977-3787-2299-9092-5663-1215-8213-6624-6502-6339-6636-943-5876-8601-904-4410-2894-832-8233-1369-8747-6739-133-2277-1654-5327-2565-5301-503--10001
258 36247.298 1982 10001-9335-9430-5502-4408-7352-9989-5862-93-5379-8304-5319-1683-2169-8040-9352-4908-2384-5613-9330-356-5296-971-9189-8645-81-7901-4907-6286-5384-3708-4946-1268-7480-617-9906-2414-4028-5183-9290-332--10001
259 22512.708 1994 10001-9360-1791-7659-2726-1772-3712-4887-7497-3421-2418-8876-6551-8197-9538-5741-1997-9312-6495-4798-7038-1775-7859-8825-1735-7673-69-5930-8262-6169-177-4080-6057-3469-1407-4963-792-2733--10001
260 17671.847 1775 10001-9384-423-3461-7057-1012-7263-5156-506-5627-4920-6511-9252-5433-7373-9915-9044-6479-3785-3737-3564-7298-6707-5499-2640-1085-5655-366-9723-2883-9571-957-1481--10001
261 16223.082 1957 10001-9386-1790-9849-1799-3742-8039-9162-724-8783-4632-1855-1338-6136-389-5761-9169-7905-1525-3566-2416-5151-2979-5239-9862-2880-9540-430-1682-7648-3875-5917-7260-5100-4767-7188-8812-8126-2875-652--10001
262 25871.938 1631 10001-9476-1479-3112-2711-688-3562-771-8720-2997-1030-7037-8319-3331-4954-3077-1950-3717-944-2688-6767-9159-4733-2673-6316-2538-8451-6439-532-9243-9060-6455--10001
263 24710.942 1464 10001-9490-2975-3755-5405-5864-933-6723-8719-6618-8275-9137-4717-911-9818-3288-5492-2505-4474-2244-732-2742-9870-5806-8683-3078-9785-8347--10001
264 29766.340 1988 10001-9565-6240-2361-4609-1367-5537-7818-7054-7267-9257-2218-5345-795-2664-7728-6544-191-1868-3295-5715-8614-4483-4927-4756-5914-1363-4333-4556-6539-3467-2038-3739-6691-2234-1648-8306-1279-6319-4125--10001
265 31258.879 1911 10001-9583-4207-2091-6594-7042-1139-9504-1541-7795-8695-4840-18-6954-2579-6522-2465-1651-4820-2489-4332-9807-2922-6536-5409-8808-2716-693-3812-2877-4714-8175-2943-7922--10001
266 39171.096 1981 10001-9584-2709-5657-2119-2765-100-2454-3488-9663-2723-1321-2585-3293-3592-2616-2166-6883-4731-31-4091-8957-7978-4851-5298-1290-6857-5831-1406-3650-9804-3160-9280-4429-9687-9053-7739-5253-1860-2846-9551-1332-5986-5790--10001
267 27279.409 1970 10001-9654-4866-9928-5457-6058-5515-3007-947-4238-598-9860-6022-2302-3770-7418-1154-8726-8922-9642-2503-4952-2468-5176-3142-2391-8150-4533-3779-1891-7118-1273-13-5026-8201-11-3359--10001
268 18022.497 1994 10001-9709-6702-8837-7624-9756-5001-1331-8456-1670-2246-9034-4932-2955-4841-7882-6719-5493-1183-9523-8344-6080-8733-284-290-3196-2925-8485-3885-308-474-9542-8627-5913-905-2202-5071-669-8058-5956-1448-5639-4572-355-1702--10001
269 31115.826 1941 10001-9782-6612-2457-8555-2558-9729-2118-9889-2594-9947-3725-1661-2358-537-7780-2854-5067-4253-8582-4876-5623-2046-3204-476-7304-9472-9140-9078-8696-5905-5369-883-7269-5012-3887-6999-7376-4255--10001
270 54806.324 2000 10001-9793-9135-4432-2158-7766-9996-3165-8432-8086-8285-2586-1902-2761-3464-4700-1602-5364-6195-1383-6185-4757-3162-8106-569-7471-8486-1427-1238-3917-7762-5979-1718-3270-9176-2445--10001
271 20201.353 1887 10001-9805-1584-6793-9637-5065-5481-7081-8997-4016-5242-1405-9242-3855-2697-7385-8403-4690-8215-2014-5603-743-7424-3663-1562-8060-4294-9596-3013-5407-2113-6903-5423-8268-5545-8019-9019-5624-2450-8723--10001
272 29294.279 1963 10001-9934-4824-6727-7608-2453-5727-277-8988-2173-3585-4519-9564-6067-1774-3841-9903-4313-7687-7709-5652-1329-7994-9712-7221-3962-3420-6578-6586-9952-7036-3391-8460-8023-1789--10001
273 56380.946 1925 10001-9959-3313-8000-5759-6230-7759-1593-1534-2085-7981-7175-53-2326-7154-3854-4496-6466-4195-2814-2261-1067-8799-5885-9755-7713-4315-8722-6233-37-9180-3370-8099-9851-1994-2656--10001
274 15446.304 1863 10001-9960-270-4392-1934-8840-7388-6095-9717-9184-2050-3784-2991-2409-9865-7617-3092-3679-5382-1000-292-8170-5898-8002-7663-836-3927-4247-7764-8755-9492-5644-9405-5654-2213--10001
