total_number_routes=293
total_route_len=6784751.854
#rnum #length #load #depot-#customers-#customers-...-#customers-#depot
1 36177.277 1979 10001-30-5577-7923-8142-5406-2230-420-2160-1661-2879-5186-9945-8351-2958-787-481-9027-3986-7180-9013-2929-1057-9619-533-2227-9069-5620-2187-7587-3770-2533-8982-2774-8503-5045-4576-1395-4782--10001
2 33082.751 1689 10001-49-9211-4960-2523-3326-5885-2411-6684-2766-3555-3181-4426-8522-2141-3438-6638-8673-5320-2861-6278-9383-6975-9702-2953-5808-4643-7046-1746-8204-5125-9329-9203-4579-5481--10001
3 26665.088 1776 10001-227-3057-7563-8275-9971-1115-4411-2467-4314-8186-8714-5939-6061-2572-5607-5060-5685-4467-2384-4706-3366-7789-6478-2853-1644-2146-3761-5382-3532-9397-1754-8247--10001
4 15325.409 1699 10001-242-8960-9277-7173-3531-7448-1381-6058-6756-9485-4511-8632-2214-57-8221-5076-9086-2118-4124-4440-4256-9755-86-7585-4359-9353-6415-801--10001
5 46015.159 1875 10001-244-4079-6794-613-6312-4312-3152-3180-3445-9831-1228-2975-7116-5399-5804-4696-2608-1858-5494-4915-6864-8562-3631-315-9083-1127-6889-1236-7733-2192-2910-1138-948-2811-8507-612-3476-5224-3292-414-9992-4848-3024--10001
6 24042.514 1962 10001-323-4161-264-1159-1160-4316-7057-4614-5498-3469-8001-2629-5951-5216-7550-3580-5745-838-1180-3408-8809-9513-4005-6652-9215-7873-5190-551-412-8845-6231-3314-6906-8585-866-991-7559--10001
7 30627.344 1910 10001-444-7990-4478-514-9412-6661-2569-2675-130-3819-7041-6848-803-9774-4372-6916-2505-3212-784-7033-4159-156-5896-411-4481-2784-3758-2194-9587-9132-5116-5996-2040-728-6598-8900-1558-1141-898-4944--10001
8 33173.972 1979 10001-836-5596-1887-9080-3395-9494-1421-4024-3749-9025-3132-9371-8975-204-265-9241-8799-1216-5329-6532-5666-6423-5416-5868-6154-8086-6265-2751-4947-8597-9857-1001-5782-7099-7668-263-1272-7453--10001
9 13251.825 1717 10001-946-2034-2045-7889-8863-8370-3220-2897-4758-272-2957-8686-8182-9425-1877-3590-9674-9166-7418-7083-7676-5593-751-7279-2113-9294-4711-307-8477--10001
10 18263.846 1993 10001-1436-2943-1799-8721-4037-7543-4284-1307-1543-999-1679-6277-8483-2528-8971-1490-1182-9739-6042-821-634-4120-8408-7528-2787-663-4169-2993-8705-5072-6408-7606-1326-6190-8768-5765-4221-1547-6137-4203-1817-6649-6563--10001
11 20116.170 1935 10001-1627-1745-3792-9168-148-1979-4751-8480-486-7865-652-8064-1705-5900-5624-9956-2260-7588-7960-9554-9310-2243-4650-6947-1458-2284-63-4832-7969-3703-8946-8903-3373-9360-2601-3768--10001
12 13246.125 1168 10001-1908-5084-6547-1994-5526-5936-126-2095-933-5152-6895-8517-5703-6453-7647-6086-2875-3709-2832-4627-3864-3067-5998--10001
13 15233.013 1766 10001-2525-7361-2474-2669-4905-6205-6301-2013-2567-9973-9703-2245-1015-8840-3496-974-4121-6847-9611-1707-2333-6780-9399-8344-2193-1306-4563-9341--10001
14 31151.490 1988 10001-2948-3134-6742-651-2139-9154-3912-7493-7454-9197-8191-311-8693-8266-2931-6934-3458-8730-1459-1446-4834-2941-9454-4747-7845-6815-2213-8757-8848-9100-5102-2246-2907-1243--10001
15 18009.671 1817 10001-2961-5548-1361-2864-7711-6605-4237-6075-6118-2684-3145-1390-163-2764-7666-909-3977-1620-9809-1121-6704-2697-1947-6911-7297-8121-1883-6673-4885-6021-9234-759-2777-8473-9634-8371-507-3300-4428-5067--10001
16 27168.391 1727 10001-3214-2639-8169-3364-2224-8366-8958-8192-5581-6476-653-1564-6350-6823-3146-4378-4642-5225-5649-3965-3337-6361-6414-6036-906-7038-6834-9442-3855-6616-4270-1796-7065-6520-6166--10001
17 29514.746 1920 10001-3371-9623-3786-7365-491-313-8115-5580-3131-6663-6579-298-5317-9022-7951-9617-4742-5911-8426-4341-2749-3944-2537-7795-3338-5987-2586-899-6529-2181-9107-8886-9068-5109-9801-3998-3070-3144-4419-5360-3991--10001
18 11965.327 1546 10001-3911-9526-4946-795-3130-8753-2541-9098-9156-1263-5276-2102-2062-8523-1471-4248-4385-928-1611-5912-216-3705-439--10001
19 32577.019 1953 10001-3925-351-1760-6950-5940-3247-4240-3414-4325-8784-1461-320-282-1542-7217-5104-5553-9299-2829-4064-6317-9750-2672-2982-5869-4844-5397-4100-226-3105-6108-9967-6721-4927-353-3217-5041-3783-8803-248-7158-721-8006-3818-7227-7353-1271-4232--10001
20 22020.787 1954 10001-3997-4129-5680-1920-3554-6279-1450-6962-3051-7731-9974-1489-608-9345-186-7765-704-540-452-7456-2-8861-4503-5956-1827-719-6209-5008-5148-8277-7887-5736-5832-9480-6081-3613-7049-2261--10001
21 27087.891 1703 10001-4096-5856-6486-5422-2044-3527-4157-2979-4783-8895-9064-7163-5264-2963-2908-2014-6433-2719-9599-9997-6745-1519-8639-1150-5986-1424-6606-1422-2075-9104--10001
22 7838.697 705 10001-4112-8709-4109-2355-9664-3803-8193-544-9813-9242-2314-6120-7487--10001
23 20419.113 1984 10001-4134-7237-8265-3893-8538-6009-9728-2865-9361-3637-1937-7824-5295-722-7974-3611-4880-2834-3801-3502-70-7062-5571-6435-4103-3246-9581-9916-9247-8393-8628-9015-7818-4826-7603-4208-6787-9250-9084-3196-2031-4545-7958-5408--10001
24 15860.377 1821 10001-4494-7718-9390-3059-91-6403-4713-9161-5108-1084-7752-8662-9451-4805-7022-1051-8485-8966-8918-9151-6509-4384-9866-7097-2730-9356-2318-7767-5112--10001
25 34841.318 1970 10001-4635-7504-6082-8422-1595-1777-2251-39-6377-7495-1645-5534-2065-8601-7490-3800-4298-6196-802-9754-4649-894-9621-3418-499-8832-8826-9640-3493-9178-7464-55-9672-3319-9652-6174-7552-7793-4525-4644-9121-9230-1139-8906--10001
26 16423.279 1833 10001-4670-5630-5469-5910-8992-3919-6188-7661-5169-1672-7735-3696-7401-1631-7055-435-3976-2341-7154-178-8296-8945-9023-9155-2406-9444-388-8699-7518-8002-5614-2494--10001
27 13621.653 1569 10001-5064-1533-8447-3097-3570-638-2435-4886-6360-9436-7832-9637-5293-8719-8711-3985-1378-6132-2616-4448-4319-4176-5179-9375-5909-6066--10001
28 20554.393 1967 10001-5130-7027-5777-2003-8038-2101-1190-2212-8-6316-7610-4550-5058-2641-3730-3415-4575-5340-5134-3164-1344-6550-3185-9891-2531-6194-5146-993-1116-6671-172-2373-2603-7457--10001
29 26570.578 1978 10001-5387-8087-4158-7406-5682-4197-9008-9439-1086-852-951-4450-814-7141-9707-5015-9819-740-3543-6123-3411-6989-2091-4629-954-9868-2971-2823-8090-3759-1296-5573-7214-7014-5845-2759-3938-7507-6334-5335-5496-5817-5792-6566-3431-5866-9339--10001
30 19435.381 1808 10001-5437-3421-656-1626-6592-2338-5947-1276-5997-1826-5334-3462-3581-9088-5928-6587-7748-9478-1253-5719-695-5725-3796-3388-2234-3497-7736-3560-7883-4683-1767-8814-4657-5442-4955-2170-4819-3647-3255--10001
31 32893.185 1848 10001-5483-926-124-479-1266-9547-4051-4181-9954-6594-8990-3861-4680-8571-3542-1968-8988-6971-4715-5945-587-2297-1768-4433-3946-6852-9766-7973-4464-1844-1393-6518-7196-6818-9464-911--10001
32 16990.600 1709 10001-5616-3211-3193-3960-3106-9237-7530-8605-1079-3815-5898-3972-2130-9326-2274-3704-2072-7223-7505-880-1610-4723-8058-316-2174-8228-9771-676-7783-4389-1353-2924-4849-8130-1804-3941-8818-4584-8073-4452-645-4193-8500-8894-4956--10001
33 14991.142 1775 10001-5644-6378-1888-9293-2047-5420-7844-1350-9964-9948-9874-4190-1067-4522-8301-8957-9006-1262-8439-9790-6269-618-9688-9085-7474-2280-8205-9404-689-5302--10001
34 26083.419 1895 10001-5821-3095-6251-7536-3377-1080-2880-2138-857-5992-1145-3207-1043-5695-3814-9795-5435-1173-1939-9704-8372-5480-7625-5492-1368-6942-131-9185-9572-4486-744-7930-5235-1242-5160-8178-1914-4820-3779-8454-7825--10001
35 20699.884 1908 10001-5902-9240-700-84-4344-9844-3123-7029-7384-8928-9159-37-183-2114-190-9365-5990-5006-2038-8756-2705-8740-7305-980-4224-4373-7809-509-3139-5268-7944-229-5280-5981-8993--10001
36 17024.712 1748 10001-6482-4363-6637-1792-9877-7271-8701-4556-1998-1955-3891-5258-3467-5887-4533-2559-692-9316-6049-2054-4210-2801-8106-4083-5022-3455-3680-4858-6144-2619-4266-9094-2061--10001
37 14364.175 1289 10001-6569-1349-6866-9747-7059-1304-8735-4403-2529-7560-4681-4983-3900-8950-7091-786-1669-5675-7195-5733-1432-1076-2128-7695--10001
38 26858.168 1389 10001-7127-7160-9561-8469-8749-1143-4092-9244-9-4332-9601-888-5011-5263-1813-1208-1951-3679-7155-6538-1763-769-1569-1258-7492-9337-6803--10001
39 28693.486 1986 10001-7240-6498-5053-1333-7874-1630-6983-5255-8124-7000-134-4412-9571-7369-2247-1100-7499-2776-8441-2722-5814-2414-9701-863-1222-2683-9742-3747-5570-2491-9505-5431-9318-3969-9332-2298-8017-3071-5558--10001
40 17917.708 1993 10001-7280-8407-4975-9295-5388-7927-7964-6487-2294-1382-3182-3671-5322-8336-3126-8179-1592-5851-4392-4632-5129-6588-1535-5515-7206-4653-649-8626-1379-5870-8936-8653-5405-7998-7538-7257--10001
41 22550.906 1986 10001-7345-6016-7130-1927-8075-6832-9443-1934-2070-1818-7884-1866-1060-6460-7468-3362-9751-9899-5786-1518-1472-1952-6059-5127-5753-3836-8343-3521-7110-8206-7085-9768-2478-3375-9357-3764--10001
42 35927.521 1876 10001-7397-594-9500-2236-9355-5806-7078-2451-5424-4814-6510-1198-731-768-2137-3039-3396-371-3519-1735-8755-6973-7392-409-7985-8972-8264-6138-2440-9662-6268-2150-6685-5826-2903-7148-2252-1747-4054--10001
43 30551.971 1839 10001-7719-2507-4606-7430-1367-7939-5549-6501-6995-5621-8365-5455-6228-1732-8125-7619-5652-4027-8952-2477-4695-3805-9422-2816-4890-1270-5289-5512-2093-7370-7220-2368-4878-1616-614-4186--10001
44 18919.866 1991 10001-7759-1362-4510-1081-6490-3663-1855-1932-7712-812-681-5243-8338-329-8537-1279-4457-4211-8519-7680-550-7612-125-7388-6247-8311-7615-2329-6387-2109-3053-2946-9024-2549-8713-3447-4759-9613-3597-823--10001
45 22220.056 1896 10001-7891-7211-6861-8722-4267-9279-9251-2789-6939-440-191-122-576-7679-1440-8539-9286-3073-6112-8307-1924-9832-2332-1690-6791-7836-7624-493-7416-1943-7926-6236-8574-7382-1468-7751-6151--10001
46 17490.795 1878 10001-8062-8129-2873-5763-5037-1085-387-4066-7602-5123-17-7020-8092-9609-7533-5562-6874-6543-3269-9282-424-5975-9258-3203-7868-6900-623-2593-8600-9942-1950-2635-2526-9418-4889--10001
47 32262.778 1984 10001-8736-9377-9066-5261-1766-1325-7526-4600-5324-3038-2848-4559-1170-7747-1949-4045-4611-5101-9082-7205-2934-4957-690-5389-7232-8356-9415-2574-9998-8085-5746-9839-287-3036-2996-783-4118-9820-5908-3854-8795-1999-4358-8508-3558-277-357--10001
48 46015.083 1851 10001-9511-858-6363-8791-1594-4565-6038-5078-7812-7756-6011-7241-680-42-9930-4904-4476-8084-3491-2309-1487-7458-2278-7283-766-6681-7104-6630-9301-5404-2870-1890-8938--10001
49 15470.190 1938 10001-9546-8159-7391-7374-4484-4405-1648-5362-5698-2442-1359-8891-6972-7826-5313-9680-9275-8246-9142-2592-943-5342-8657-7876-8306-1192-3601-8926-2604-7938-9158-8413-8019-2936-8833--10001
50 22037.073 1983 10002-237-5704-7199-5627-2723-5657-4604-7513-2692-1300-5250-2328-8862-6754-1178-3518-4059-5128-8036-8708-6789-5665-3905-4336-4996-473-6266-2539-777-920-4421-2990-9472-1322-3697-2509-3962-9214-7012-9663-6958-3282-2203-9715-5077--10002
51 14950.187 1971 10002-436-5677-4430-6056-7320-6726-7126-3639-9165-2703-6551-5020-3617-6450-1254-2712-8238-2685-6821-8885-3190-6719-8484-2636-99-5419-1598-3010-2324-5369-2576-3430-1215-8396--10002
52 14855.605 1732 10002-705-3268-669-959-9604-7348-5722-2724-1201-8076-3545-9959-7166-2612-2018-1957-3045-8145-3627-5516-153-5865-8250-4934-602-3179-7545-4547-9549-837-8123-4507-5643--10002
53 20308.251 1860 10002-910-192-2077-6288-2621-7102-5336-7187-1841-1731-2112-14-434-2779-3635-8544-3744-7204-9437-510-2241-7433-9937-2104-7359-1529-5728-9699-2590-1329-8629-7282-9583-198-788-7247-68--10002
54 13667.575 1880 10002-956-1668-4328-7935-4686-7920-4971-2904-7002-5602-6917-2043-6106-7950-5143-7441-256-8498-8496-1117-9429-3867-3762-8051-1473-1812-1765-3263-2100-9321-221-6028-2840-2584-7739--10002
55 11589.422 1922 10002-1006-3232-4972-3456-213-7713-3334-1906-1910-3381-9174-1339-2420-1126-8831-9928-6240-3307-5176-7075-8358-2783-1852-1087-1551-3686-2602-1567-4835-1749-548-8375-1911-3587-7420-2361--10002
56 26739.553 1979 10002-1144-309-4379-818-2628-6113-8541-1313-1711-4353-1338-5841-7089-6769-3416-8561-5738-6601-4549-2255-9731-4282-6456-5836-8817-3860-6311-1202-3618-6046-9686-785-936-2999-5227-6481-637-2808-1865-6641-7405-2417--10002
57 12185.089 1854 10002-1394-8505-7442-9576-8048-9589-1730-7786-5756-2496-4528-4295-4768-4964-1534-6100-3047-4080-5598-7594-9858-8515-7837-1695-324-1579-5527-5149-3393-2046-2369-3586-3094-1444-3066--10002
58 22948.156 1800 10002-1678-7689-7952-5588-2180-5977-2877-7238-8011-5876-6340-4879-8102-9379-4308-2381-5031-6193-8056-9568-4505-5033-9995-2986-6307-3119-7386-7567-3732-2771-2400-8359-4544-1040-5767-789--10002
59 10768.072 1453 10002-1845-151-7957-4126-3261-1789-3897-3676-5615-5864-8742-6876-5321-3876-2555-458-5070-7170-9991-5068-9131-5002-7063-3825-4756--10002
60 19411.865 1983 10002-1929-3853-5145-4839-2386-9103-978-7017-8633-646-6298-258-5298-3774-6202-7407-717-4303-825-3809-2074-5036-4981-9160-736-8433-9791-4380-5604-5775-8577-3552-1629-805-4753-1412-609-2727-9414--10002
61 17046.071 1995 10002-1945-3701-2501-4258-6007-2058-3242-5438-6130-7434-4204-9089-8367-1720-2922-5292-9712-6328-4668-5659-7745-6291-2939-464-7025-4703-4003-2117-2835-6441-6938-7101-5440-4187-6170-6870--10002
62 15464.953 1436 10002-2366-9900-8889-3662-3333-6781-636-2005-3322-328-6921-2519-6147-1684-6189-3906-5236-2620-1334-7124-8856-392-5726-3386-7385-9340-1028-1659--10002
63 31350.175 1987 10002-2556-1482-6242-366-2426-2833-6264-8762-4205-5479-4250-2825-5683-9616-5136-1617-293-5373-6214-9465-9298-1426-6548-310-2852-5805-3251-3512-6474-8744-4767-3576-8920-9434-996-5161-8876-9073-4206-8436--10002
64 10326.628 1683 10002-2691-3902-2850-2107-561-1972-3175-2359-9602-7037-2605-5796-1795-494-2402-6892-6653-8410-5155-8547-1743-2305-2468-9716-820-13-8590-4458-345-2249--10002
65 19591.886 1943 10002-2800-7802-9567-699-4287-5793-9449-9595-7791-5287-8134-4360-5994-1509-1832-913-4429-142-4296-9985-589-8690-4366-958-775-1576-9943-937-2096-4260-5470-916-5315-7537-3995-5154-2462-2140-6473-6959-4929-2155-1862-9210-6632-2211-9805-1797--10002
66 17201.098 1962 10002-3086-61-6990-885-7691-3961-3945-1563-8858-8164-2344-7970-9579-4146-6753-9453-4029-5748-6922-882-584-3988-85-8725-5266-279-5366-2583-2522-6730-8573--10002
67 21224.604 1996 10002-3436-6715-8437-6464-2232-4721-529-6496-6054-4810-1639-8607-5277-3435-8898-3289-1460-8000-6335-1689-4534-4084-3628-3959-4690-1886-286-3290-2022-5859-2874-9536-4447-6734-6793-2423-1605-1873--10002
68 9285.135 1416 10002-3504-5825-8269-9779-2671-5707-4567-4761-6809-6935-7561-4516-6195-7942-1195-9524-8466-9182-2228-8733-7003-5081-8016-1387-7918-5030-3384-5809--10002
69 13930.915 1596 10002-3514-1822-8070-7491-9457-2441-2389-4861-7579-8604-1905-7569-340-7008-949-4813-2068-7421-1305-3257-9115-7165-4144-7372-7546-7137-3358-6926-7792-1196-6728-5539-8112-3716-6010--10002
70 22228.323 1980 10002-3524-4936-3222-5605-2550-5640-6459-2177-8776-6003-9053-806-2916-3722-659-2198-5713-3634-3993-4199-7325-2813-1295-7077-24-5473-6648-1019-9696-8117-3683-7601-1256-4795-624-6623-8141-2450-8996-4970-3915-4647-8984-3160-3029-6227-9910--10002
71 12913.881 1621 10002-3653-4035-6514-2857-2678-2353-4225-8352-7106-6678-7354-9822-8114-6760-5506-7972-4020-8140-5386-4238-312-1923-1283-1521-3405-7693-6512-1744-8857-2216-3606-1571-2788-2872-3254--10002
72 15222.964 1281 10002-3874-8527-7107-7774-5417-6901-6997-2081-2371-3100-8248-5903-8788-8451-2485-5920-82-6197-2125-2828-6810-7654-4950-5163-3206-224-394-9128-3141--10002
73 11174.867 1272 10002-3875-4009-2066-9350-7885-9947-6804-5995-4090-6111-7233-6034-4794-7159-990-3372-2988-5256-2218-8569-4574-2343-271--10002
74 27141.310 1857 10002-4323-3630-5592-1142-7226-7936-7364-145-6177-72-4292-5672-1427-9869-828-456-718-65-445-1986-1351-9644-6006-3828-2397-180-3107-6381-3084-8643-7013-7363-2742-6896-7886-3235-3065-9113-9765--10002
75 20613.738 352 10002-4425-5773-7349-8511-1310--10002
76 11726.950 1634 10002-4551-8951-3868-4233-1437-6608-7872-4485-4937-7861-1314-8941-9102-8479-3760-7849-4984-6672-6309-1750-5576-1783-3736-2256-5536-2622-2805--10002
77 17893.160 1901 10002-4725-5647-5395-1420-3166-9692-5669-4241-8646-7300-9892-281-6442-9641-6511-399-1726-9838-2506-7105-2321-4999-917-8399-3765-1781-4523-4953-7203-4846-6382-5454-8549-8427-9684-7830-8327-2487-588-6225-3987-4626-9343-4305--10002
78 11081.712 1886 10002-4752-2991-46-5968-35-4334-2650-4164-3882-2992-6141-2862-5466-5471-2394-4855-7142-7387-2595-2383-3341-2016-3291-5357-4750-7189-9289-384-2167-7402-6012-193-3148--10002
79 20210.203 1892 10002-4842-370-8274-6549-4110-8398-9958-3746-957-3943-378-4044-3553-9239-8308-6666-4838-382-7294-5436-9695-6136-6980-1894-1860-542-3787-6718-7894-2288-1899-4483-3748-7902-583-8976-5004-5754-3933-5328-3968-29-7133-1665-9727--10002
80 9066.890 1016 10002-4942-6849-2696-2051-228-6744-8024-1561-9281-7911-7473-5934-3359-7290-6965-1184-3970-3219-5545-7525-3237-9522--10002
81 13878.165 1806 10002-4945-207-5718-6171-9191-7835-7614-2201-2391-6817-5222-6458-4593-3624-930-8456-9939-9904-5401-8598-1328-7843-8973-6776-7509-5191-2510-9726-9245-6758-4067-1517-2270-3862-5795-6401-3983-6674-1555--10002
82 24032.576 1951 10002-5051-2638-6565-8119-6533-8211-112-9269-1464-9052-1352-453-212-7685-1227-9238-5889-6439-1233-4591-8430-8864-6643-687-9970-1944-8978-28-2327-6617-59-6183-6303-2676-9807-5850-1062-8237-7831-5700--10002
83 14797.132 1752 10002-5158-429-8057-5914-4638-7274-3187-537-7347-9117-1008-6285-419-9252-9394-5099-531-1871-6597-3327-8297-2231-4512-3088-5566-2756-511-9246-1425-3688-3283-5097-2404-301-9148-657-2933-8812--10002
84 12856.728 1741 10002-5257-2883-1593-1977-1650-4746-7947-4865-2898-3973-7744-3068-7770-6743-5441-4582-2613-7846-4866-9370-1989-3956-6488-3399-8956-3230-5273-763-3859-3159--10002
85 17333.269 1606 10002-5312-5510-3935-9606-1664-4041-9099-9639-708-9164-56-6204-5361-9473-9667-5327-4804-9582-9953-2178-832-2370-7978-8468-9312-5925-6203-5421-1056-5633-8333-3149-9497-9248-8887-4621--10002
86 19375.319 1910 10002-5364-5862-5413-7500-4088-3022-4897-5901-8801-9782-8606-3550-4069-1447-747-5487-5812-4040-2520-8251-1282-4085-5017-5531-1683-7671-2042-2978-2927-4060-1109-4194-4555-127-4652--10002
87 22928.864 1925 10002-5667-2699-3937-6883-139-9021-8581-6115-868-8360-6573-8034-3417-4689-647-245-6206-1429-3169-6748-7225-1940-6331-904-2207-1846-6928-5400-6076-7358-461-9479--10002
88 14093.749 1880 10002-5800-6297-8155-1993-2884-4050-4568-1522-4477-3654-5346-6259-253-598-1073-5503-4623-1878-9183-4894-2197-8027-9019-545-691-7888-5692-3608-3879-3355-7652-5638-1090-8184-5541-513-3142--10002
89 9693.655 1825 10002-5838-2037-8175-3465-5590-9400-9780-3021-4257-3928-3626-9815-3304-569-8318-83-4671-275-1066-6073-1009-2106-9384-3989-5379-3848-5564-4898-1114-331-7228-2069-413-3463-7787-6072--10002
90 19429.841 1483 10002-5931-890-8829-757-2680-7095-710-6014-6048-6020-8890-9933-174-4536-9855-9888-3044-755-8671-4031-7529-5490-8233-1881-8353-346-4346-9020-6033--10002
91 18601.315 2000 10002-6184-8419-6966-8189-8168-3093-4532-7181-4473-3829-9881-6953-3011-1774-7462-750-9679-3259-6302-3869-7367-4030-782-8131-5555-1752-38-3434-7087-2547-1188-2147-3260-8925-9670-2578-2765-1692-9380-2430-829-5114--10002
92 14611.129 1960 10002-6348-2200-7001-6599-250-5199-9224-809-1299-6750-2915-8797-5818-1556-8534-9557-3409-8825-1930-3930-761-1552-7841-5080-8934-6703-7696-6725-7043-585-2279-6296-9845-7285-3880-9901--10002
93 15664.053 1985 10002-6612-257-2658-1978-3535-6287-1597-5365-8849-6397-877-4397-7856-7828-938-7541-2535-7005-9752-9261-1974-8526-8576-3305-179-2667-8166-302-135-8807-1633-599-7329-6561-1493-5234-1577-2663-7662-3280--10002
94 11353.097 1795 10002-6675-4616-1835-9565-2732-8884-3332-1234-9416-7796-4821-8669-8961-8268-6503-7324-5654-774-2820-8620-261-1591-6952-7015-6741-465-4824-1485-6506-6437-8324--10002
95 16179.643 1904 10002-7034-3450-908-3003-2330-7234-8442-7897-1418-6697-593-6044-2827-8010-7549-9493-8222-2276-4825-5924-8963-1449-1044-1753-6987-2133-707-355-7222-9382-1964-8599-1213-5872-934-7072-4882-1035--10002
96 8196.304 1931 10002-7066-5714-9863-1523-1880-6366-2325-677-9195-4160-3474-5316-2498-1759-4201-3887-5282-6483-9608-1249-2970-9698-7669-6960-1884-9793-570--10002
97 16760.496 221 10002-7269-7629-9975-541-5220--10002
98 11225.324 1631 10002-7316-675-8566-4817-155-2110-2479-223-2518-7762-4610-1074-3827-4856-5096-3992-1049-1913-109-7069-7120-5085-9770-4264-9873-5543-6961-8197-7261-7255-1413-3353-4404-3173-1476--10002
99 11089.071 1490 10002-7557-6711-5513-696-2222-7258-2364-1915-8811-36-6925-1098-9049-3005-9693-7483-5747-8256-3522-6797-8878-2340-472-2184-8615-1528-3820-3607-477--10002
100 17424.041 1714 10002-7716-234-88-7026-349-8160-5254-4191-1621-8888-8453-3433-7174-6479-5009-9219-1384-396-475-8942-7948-4895-4557-7986-1983-771-1494-4381-9690-9470-1024-7572-6404-9407-6894-5095-9537-6412-26--10002
101 14663.345 1580 10002-7847-7558-7502-6051-2385-6252-6422-6172-6593-1107-7395-6386-373-7697-9519-2563-5230-2888-3927-5294-5403-881-9882-4812-6385-3547-469-8765-10000-2025-7310-8096-3318-942--10002
102 12216.882 1723 10002-7968-8747-1152-9714-6798-4923-7186-1715-7209-7640-9840-9905-33-3564-1667-7413-3485-7600-9654-9091-3419-8504-590-7879-2795-1220-1956-979--10002
103 12611.093 1959 10002-8069-3885-344-3883-1400-4393-2027-8739-4781-6699-5625-426-5444-1206-5377-6117-9552-4836-3534-1853-8989-6047-129-754-3483-2932-4979-8030-865-1330-2989-5135-6424-3092-8954-4749--10002
104 18168.574 1974 10002-8079-2871-8490-9063-7596-2651-779-7555-1372-9079-9798-3475-1512-9062-6607-1572-3489-2459-8997-4113-6393-7344-2923-8638-7706-3344-732-3714-333-8695-5701-4526-2737-5749-164-3412-2099--10002
105 22868.237 1996 10002-8280-7334-6165-8866-9661-4538-1682-214-400-5517-5572-8415-7086-4615-1584-6324-5162-1443-5854-2984-3788-34-1347-7058-4992-1869-989-639-3668-3926-6693-9427-5944-8227-1316-4253-5393-8020-385-6799-4185-7362-1794-1232--10002
106 15031.446 1947 10002-8354-992-1342-6001-8047-3888-2752-9327-7975-5339-9625-3745-9125-9499-4788-4034-3186-7799-2662-1714-1453-4127-600-9946-1581-3096-9428-1499-5065-8161-2878-4391-2748-3806-8273-9223-5540-6234--10002
107 14006.516 1999 10002-8376-7996-3733-8255-9657-9406-7674-8150-7766-3437-7634-822-5587-3063-1694-4590-2734-735-6775-8723-4006-7216-1962-1548-9762-1280-2633-6739-4078-95-8567-568-3331-1053-4909-1970-5371-7556--10002
108 24011.479 1900 10002-8406-7161-2649-9395-4406-8664-9784-5310-4479-8317-2630-9302-5089-6179-5491-2856-665-1622-8852-2242-2390-4570-2760-855-8474-5391-8321-7657-4896-5883-2000-4168-8717-4374-1366--10002
109 18858.698 1777 10002-8499-1656-5461-9890-3054-8763-1733-8217-737-4278-4827-5332-7908-9732-8326-5500-1204-7251-6645-6701-3155-1238-5194-3826-1539-7995-4704-9987-6379-4739-7098-5702-3104-5544-9830-1481-963--10002
110 22003.514 1733 10002-8658-9854-955-1780-864-4462-1721-9271-1504-6668-4867-5761-211-6451-2655-3213-3050-674-4028-8602-1588-5000-1235-9594-3210-1849-2930-6936-1034-1041-7330-5113-7772--10002
111 19916.168 1872 10002-8773-4903-8726-1686-1546-9980-7480-1467-4841-5533-8063-7379-4441-2858-2026-6585-2108-7323-6893-5622-6431-6055-3127-4408-8921-1308-4244-4693-7435-8672-2731-5271-5183--10002
112 4315.847 659 10002-8892-4036-2215-7212-4321-1996-9430-2661-1882-274-2313-8911--10002
113 11727.506 1119 10002-9011-6634-5842-2162-8355-4877-4634-7121-7380-7317-2849-2733-6735-8798-9512-524-4724-5359-1928-3839-1289-5478--10002
114 9369.762 1576 10002-9031-1769-6761-4531-1554-5103-7357-4195-8095-2486-1716-9861-9586-2424-8005-615-1565-842-7635-2508-2428-1637-9417-6107-5133-7287-1960-6053--10002
115 17928.555 1937 10002-9036-4859-9475-4449-2080-6485-6723-2244-3313-3895-671-114-697-8032-7446-2810-483-1438-8533-8698-5402-7151-2687-6398-849-9032-8844-77-9496-2490-5705-5457-2956-6843-8004-2802-9817-1638-2717-6372-427-8551-3831-4732--10002
116 13801.770 1975 10002-9095-1083-291-4025-2607-5954-5653-8616-4932-3589-9938-9486-8775-4140-6089-5074-5969-5202-1864-1788-4811-6553-9776-9228-5381-6700-8472-7916-5445--10002
117 15008.403 1968 10002-9207-672-8289-4705-2554-3108-6712-5762-1615-6337-3114-7514-5073-6449-8922-3877-8536-3117-8428-9507-9789-8209-6522-361-5511-7061-5019-2521-3582-5047-2164-4736-8195-1791-1798-7622-8860--10002
118 11046.955 1431 10002-9254-8727-5708-2925-724-6683-1819-8126-4304-6968-2219-4707-2611-5311-6063-2067-3461-4967-4940-8970-6233-5585-1123-3449--10002
119 13149.181 1744 10002-9278-8201-9268-4719-4728-2912-2950-2876-4872-1210-4351-9389-3756-6399-1628-536-7312-7164-79-2269-2995-3426-5574-7723-8558-2654-7522-3975-1875-7967-9846-6618-5296-682-6380--10002
120 20334.414 1996 10002-9420-9192-3530-1889-3619-558-7064-2039-7100-6405-8838-7411-6577-7548-6133-8836-981-210-5309-7373-5170-2773-3425-7123-9996-4077-1658-81-7113-2746-7928-8594-3784-4235-9738-7112-3368-2023-7931--10002
121 21634.857 1982 10002-9534-8462-2757-4048-3508-9017-901-3656-611-9558-7455-1111-4285-7769-848-7319-6388-1958-6556-5262-7306-5730-4015-3238-58-1727-2546-3188-4771-9274-9243-2796-9736-2183-8645-8050-3101-8143--10002
122 7372.548 668 10002-9569-7051-5059-7486-7956-1550-337-2806-7534-4116-2804-339--10002
123 3235.551 468 10002-9575-1988-41-2148-1885-2348-1728-2938-2972-6374--10002
124 15762.849 1711 10002-9792-1907-1039-2937-4011-4122-7750-6263-8540-8661-4762-965-1758-7011-2815-5520-2286-8752-7023-6145-1562-3174-1514-3816-7618-2453-7366-9233-3413-3537--10002
125 21245.921 1716 10003-437-7616-21-6945-7854-6646-6877-9544-2473-5861-5098-6765-7658-7896-8374-1246-4637-9525-4816-2781-7631-2489-5200-2704-7643-7776-6352-7842-9208-7016-4800--10003
126 10933.627 595 10003-521-5223-8244-8146-6714-8263-9744-4435-5178-1624-506-8104--10003
127 28062.835 1901 10003-694-927-1838-9647-6796-1856-1017-3281-7346-781-5358-7779-3579-8513-7182-3229-9372-3363-4780-1834-4019-3824-1026-1549-1166-6-8778-2264-4272-5450-8224-1544-5613-8634-7794--10003
128 17466.622 1777 10003-764-5578-8587-2962-220-9545-8610-6625-7028-7006-8953-6261-4709-64-1724-2392-767-2947-8043-709-8828-7565-9335-4854-1831-8902-5043-661-7268-9441-5816-6124-6767-6855-3951--10003
129 27623.202 1997 10003-1218-5464-1773-3020-3295-3568-6692-8875-564-3007-6764-7895-5979-9540-563-7331-4717-3009-7485-8704-6830-5319-4311-8138-6371-8293-5049-8412-4641-9297-2335-4518-5757-5449--10003
130 39700.628 1993 10003-1240-8995-6315-7749-8873-6447-9593-3087-4165-2818-7309-4952-5093-6495-2382-2754-4789-3660-1847-5374-3012-3562-6580-9655-6948-7426-2470-1187-7805-2551-7838-3551-2484-1997-8487-3923-463-983--10003
131 33768.695 1765 10003-2084-6654-595-9808-6615-573-8595-8827-3026-1510-7929-4796-4093-9284-8520-2116-8796-1241-9388-3766-288-5390-7630-9627-6837-123-2792-2729-4491-997-5721-504--10003
132 25623.901 1998 10003-2376-5535-3741-3980-9138-8621-2433-5803-5308-5193-5905-5610-6409-6808-6096-6624-9055-6713-2471-8939-5834-2240-251-3840-3511-5768-487-4684-8612-7201-3401-8514-5880-897-5774-4837-7286-1976-5878-2917-4263-8525-4369--10003
133 27543.627 1992 10003-2966-9034-7496-4171-8110-410-7663-1185-8455-6286-673-7376-2653-8386-1134-4154-3594-4143-3781-6738-5524-1537-1285-8068-4057-4506-5668-2290-8099-6235-5509-8383-6411-770-8668-2460-1784-8171-535-4919-7210-9605-381-2713-1128-4469--10003
134 19093.304 1345 10003-3032-2954-218-559-7431-4042-2250-284-4407-4546-1670-3136-8998-1717-4676-4142-3706-2740-7687-1520-1578-1541-2475-4114--10003
135 12544.993 883 10003-3241-4659-7339-3477-9227-5288-3672-4928-8471-4787-5776-4662-1981-8234-6444-5735--10003
136 23976.954 1977 10003-3258-3728-2743-2064-3346-4888-6099-4470-6470-8330-1274-3750-9041-4198-2301-8851-181-2854-8563-7423-5879-5893-7311-7817-9196-2798-2585-845-3240-9966-5446-74-2293-4920-1851-6708-6349-3509--10003
137 26913.824 1988 10003-3420-1224-1498-6343-4082-3932-489-6897-6622-6198-6284-4345-7510-8279-2589-8382-3228-4254-9588-5383-8384-7584-8322-2437-9533-8312-8582-3684-5196-6665-1360-4451-3151-9577-9978-7937-5040--10003
138 33967.412 1393 10003-3451-5174-2819-6365-4180-2701-1515-1898-7302-4665-6395-3112-4306-8148-3490-4802-3168-9466-2149-4055-6531-6256-3707-2720-4115--10003
139 36814.077 1983 10003-4456-562-4786-8550-1323-308-3157-4338-2291-8703-9000-2626-5815-2750-9170-5025-5151-1560-9935-6221-7732-8696-4216-3466-4390-5867-2596-3402-1311-1335-1226-6260-4799-110-7527--10003
140 34027.565 1193 10003-4636-4297-2821-3208-423-7632-9543-3342-1376-6544-5499-6694-9885-546-4039-8670-1619-1380-4541-2710-2895-6689-4757-285--10003
141 53472.953 1982 10003-5121-7660-185-6779-8482-6967-2153-6600-1933-3460-408-9180-758-5075-3244-8103-4729-2017-7396-8893-462-3863-1863-7136-3325-895-1309-1987-1430-377-43-3757-7863-3623-3600-1701-2282-8216-2159-4087--10003
142 27935.891 1896 10003-5209-5847-7328-7035-905-8640-5965-7912-2702-3974-6609-6429-3610-9122-2926-3052-3738-9460-643-4612-2032-6305-1505-5010-6545-9067-843-2985-6406-8750-900-6128-3089-8636-2427-4980-8144--10003
143 32065.820 1694 10003-5671-2735-4519-4941-8552-5798-9314-2408-9481-3-6353-3277-5919-4424-5837-4065-2624-5285-3410-4249-9037-4883-4136-1287-8947-8029-2949-5028-431-8781-6736-7945-8486-9883--10003
144 18533.585 1269 10003-5758-3904-5452-6667-3563-1708-3939-5048-3822-1050-8732-6069-7125-4215-6626-5734-3004-2648-5453-9501-2090-2346-4991-6929-9920-1503-7277-8546-7664--10003
145 45098.183 1844 10003-6320-1377-5140-6015-9220-1698-9988-3091-4755-5938-9681-2259-2707-6844-3365-6717-4499-6651-5088-7806-1153-15-4598-9764-3055-5664-376-2094-7829-9683-9677-4986-1820-7798-173-7906-601--10003
146 34097.499 1521 10003-6857-7356-5567-7987-9198-5304-6635-7571-7966-9184-796-1787-5565-140-8173-9186-912-5890-3017-9435-8660-1205-7758-9136-2745-4968-334--10003
147 6847.039 341 10003-6905-3528-4564-1038-8282-7494-3595--10003
148 35997.430 1883 10003-6924-4852-267-7511-3673-4577-5797-9012-8659-3718-776-8935-4698-6513-1613-5182-8054-2466-9440-5351-655-1059-9539-3505-4-5171-199-9665-3453-4995-4008-8236-742-6910-2642--10003
149 18008.142 595 10003-6943-7997-7574-259-3495-9871-2304-3404-1383-1703-5895--10003
150 24589.010 1700 10003-7726-9518-3110-8531-8394-7882-2422-1164-7961-9658-6570-1250-5801-3446-325-8310-5978-982-7218-1641-2454-1356-2336-2514-2983-2997-2609-354-1946-4377-5486-3172-8261--10003
151 12705.148 593 10003-8810-6842-1803-3798-745-627-3583-574-20-2419-7266-2464-188--10003
152 52040.076 1940 10003-8955-6492-9794-4370-9463-2793-1642-4708-111-6662-6778-7432-6660-2443-6639-119-8816-3536-6071-5138-8071-1071-940-1470-9509-6845-1354-9922-5409-7213-1647-1029-6035-360-6783-362-2843-9629-3479-3642-1496-342-4513-3367--10003
153 22468.869 1792 10003-9035-679-7103-3323-3729-9720-7371-6192-6219-3940-5192-9217-9870-2634-1108-9150-8040-1632-8937-7598-4289-2447-6853-1004-6846-4364-317-6710-1916-6500-6017-243-4475--10003
154 43941.897 1998 10003-9060-7244-468-1500-9614-4138-6338-4738-2171-5248-8518-4148-8777-6784-3225-6682-1077-6002-6321-9849-9566-9906-3034-9786-3227-305-7531-4246-4731-7580-683-6879-1000-2001-206-4265-4327-9096-4395--10003
155 22016.754 1997 10003-9167-519-4179-1155-2262-7686-874-2940-1158-9487-3573-9743-7864-918-8082-4283-1762-4830-8593-5636-2565-3265-1919-2726-635-4908-4333-2163-3949-6658-3035-4125-8808-4001-3849-2295-4608-8745-1625--10003
156 20773.509 1841 10003-9173-4465-3870-8983-3516-4340-4313-6516-5658-960-8899-159-5976-5857-1365-8219-3669-516-6083-7857-6774-80-9984-3971-8278-7834-2614-5819-592-6116-5752-741-5737-5961-6336-5518-835-241-395-2289-10--10003
157 41336.931 1761 10003-9401-3256-756-3074-9671-5410-4601-8924-2354-8153-6836-1177-5272-9270-6933-3950-7577-2839-4673-998-8445-8022-3691-2679-5634-4286-616-1068-607-9897-8389-115-8684-9303-733--10003
158 31835.232 1548 10003-9411-4251-9137-5111-5884-3440-7698-4948-4329-5038-3046-294-6507-5699-2412-4892-5877-1345-947-2882-3294-203-4471-7146-6969-4132-7048-8614-459--10003
159 38557.557 1875 10003-9687-6121-8083-6218-8459-7417-6766-2287-7576-438-9556-884-603-6636-89-6045-5586-448-3103-2283-5696-6954-2599-5579-7200-557-141-9560-4645-8821-3442-2326-6603-8107-8532-8865-365--10003
160 30009.132 994 10004-1290-8116-5167-8994-9562-5385-6283-1807-1428-2166-2803-2060-3316-7082-6822-5165-1830-2401-8842--10004
161 12189.251 1028 10004-1404-1553-6705-319-7521-5788-9907-2718-4773-8579-9260-1257-9931-8147-9139-4196-9423-9800-3851--10004
162 31463.019 1680 10004-1948-9777-369-5259-9660-4172-9833-3649-5147-4219-6828-4178-27-7177-5427-3470-8680-1183-6068-1802-4454-4012-8207-6094-8162-7246-4365-1985-4487-3717-9181-1681-3533-2755--10004
163 20659.888 1124 10004-2179-9446-4917-586-8342-3947-3689-5717-7914-7054-9909-9405-6964-9860-7427-1623-4583-2375-4660-6043--10004
164 26418.158 1879 10004-2352-6421-8584-100-2239-2846-5071-2994-4071-4177-1973-7149-4472-5352-9668-6536-2285-6355-5784-5003-9553-7340-2059-1324-7192-7982-6984-5559-6680-807-8734-8702-1729-9408-6026--10004
165 44735.675 1876 10004-2365-4675-4691-4776-4119-2928-1162-4361-3574-9324-8488-6930-6325-5813-7273-403-9734-1816-7375-3473-162-3171-6902-1405-7710-1061-2472-6290-9983-9598-3546-2156-5458-247-3614-3293-975-3441-4277-7469-1680--10004
166 40658.058 1731 10004-3640-3724-3678-527-5769-2660-4236-4864-8847-7256-5873-8882-9051-6060-9977-9917-2512-6438-2347-1742-4893-3777-1770-9001-5858-5739-5054-5323-6114-3443-2265-1829-8625--10004
167 32066.926 1255 10004-4524-8276-3076-5823-8156-8647-7498-3804-1748-4151-2837-4183-6339-5949-7651-9222-6887-7822-839-8120-2831-9362-9253-5772-4741-2577--10004
168 35877.016 1957 10004-5231-2469-8385-5252-5307-1433-3125-9633-6084-3802-5132-352-1740-1718-2763-4573-2844-2836-1036-1857-7400-3548-2900-8154-2272-941-146-5989-5300-166-6299-3285-734-7855-5353-5916-8932-8418-7877--10004
169 39520.029 1701 10004-5489-5185-896-3176-1825-7981-2296-3846-1657-9381-7109-9039-5771-2557-9748-2089-7962-1524-6698-2030-1709-4700-3954-1971-3674-3577-640-2645-19-4918-9002-9600-158-7134-549--10004
170 47276.260 1937 10004-5802-8641-5632-5967-7067-9818-5238-876-1247-9469-7694-633-530-1244-9895-6410-1391-2536-3687-3742-235-7523-9273-8883-9205-6070-8033-9338-6239-6890-9841-9144-3889-3138-7447-5215-5005-8009--10004
171 39728.165 1962 10004-6785-5971-8165-8728-3605-4245-9986-4072-4399-944-6768-7740-62-7506-5014-2220-4633-6104-5204-8746-5055-6620-7031-7833-7815-1602-780-7264-1013-1455-5694-4291-4437-7024-1245-8635-1157-3899-9072--10004
172 28203.409 1890 10004-6807-7414-9043-7053-1938-9821-8881-8556-5439-3643-6820-1663-4231-2492-6158-749-9287-9745-7215-4521-8510-450-9061-6462-3098-6402-7621-1230-9431-4166-2659-1922-8631-8245-4438-6568--10004
173 28994.514 1538 10004-7378-5242-1119-4352-7267-9491-6143-2225-2942-4149-5799-4413-3723-1475-813-2176-5882-9603-9471-7096-5451-969-2263-5265-5556-2778-2770-7118-2530-4806-1700-9265-5092-1409--10004
174 47759.284 1868 10004-8039-7848-7790-7466-2600-4663-2210-3873-3311-87-5027-985-3773-7547-3202-5569-171-9963-8303-1634-8132-7730-6772-9682-688-1357-2890-7976-9048-5550-5690-2217-4529-4658-2889-9590-5584-7940-8663-3651-9255--10004
175 43385.194 1795 10004-8622-9823-2299-4000-6937-7636-9713-6004-8689-8764-93-1045-501-4207-9249-9188-2345-6463-3921-8287-5306-5603-9468-246-7084-3124-8018-4613-6023-4213-6762-3177-276-8794--10004
176 20097.866 1960 10004-8896-9816-5706-9221-3284-4907-8502-973-4669-4217-9825-4539-2809-3352-8869-25-1181-4982-7871-7315-7144-6802-2182-3780-2571-7021-5244-6604-96-9521-2534-5993-2010-2367-9467-4436-9033-6913--10004
177 41497.667 1970 10004-8931-90-7741-176-6688-9005-8313-6827-9225-8967-3913-7617-5433-2668-2887-7784-7341-2079-3557-6644-4052-5985-6963-1097-4823-5554-8912-9961-834-8397-7993-520-1850-6457-7399--10004
178 17652.840 1105 10004-9551-8648-3464-474-8575-5732-5670-6763-8339-6153-7167-5894-2914-8530-5269-1771-3866-6213-367-5117-4585-4588--10004
179 31275.074 1453 10004-9993-7554-9077-2223-9859-503-5434-4375-9911-5407-470-6886-8619-8555-5205-9363-9320-2790-2303-5251-6899-3018-7578-500-2458--10004
180 19780.738 1990 10005-105-8295-7438-4004-1710-5279-984-2449-1635-5214-5780-7604-6308-341-490-496-5941-7389-6466-4630-6095-4973-7239-7852-580-6230-3276-5164-5246-1776-4300-3075-9149-138-5751-4386--10005
181 20340.590 1996 10005-442-8771-5001-107-2253-7326-1687-1691-8754-4339-3755-7702-2782-515-1163-7419-2029-1189-9645-9925-4322-8871-3080-2271-8249-1513-2398-2319-8081-6856-2119-8448-8930-3448-6368-3015-7293-867-1237-3920-6752--10005
182 10758.182 1152 10005-478-7955-2855-7673-5414-104-6696-3720-3978-2103-1302-5432-4402-5240-7088-2049-8288-6126-2921-7984-1502--10005
183 13026.712 1233 10005-1011-6596-8122-5875-4994-1462-7263-9753-2902-9264-9374-5546-8583-3042-4625-3147-7919-953-4678--10005
184 26502.183 1971 10005-1469-1389-518-7690-1772-8285-7009-5505-9304-3838-8835-2033-1110-5337-7335-752-6052-8787-6978-9169-8979-1194-1497-3561-6869-22-8675-1917-4540-405-2493-4097-9721-5964-3834-2008-4376-4356-3847-5691-4777-6253-6737--10005
185 20728.291 1968 10005-1583-4310-2623-596-808-7583-604-3424-2715-9126-4130-6323-7470-9506-3122-8880-3079-5523-7977-4939-8770-4355-7517-5476-2448-7114-3407-1388-8489-7162-3099-1401-6200-8391-1312-1601-1609-1140--10005
186 12110.545 1871 10005-1652-9894-5904-4969-2403-8045-6224-3785-1995-7197-2337-1122-4301-4022-2085-7892-5396-4023-9806-5712-2851-4997-5485-9618-6489-8177-128-1909--10005
187 35838.683 1893 10005-1697-4594-1014-715-8229-6211-5688-3492-484-9642-150-299-3170-5846-7582-7893-8111-9725-2867-3844-6904-6888-3767-3510-582-8149-9673-5013-3890-4822-5828-5948-154-7463-9510-5651-8350-1574-5046--10005
188 32893.473 1801 10005-1699-9097-5849-7191-1975-714-743-3571-945-6185-1646-98-1291-9134-833-6157-9171-2540-4382-9705-397-1486-8198-6139-2688-3014-2186-6880-3929-2881-4111-6232-9597-1540-7185--10005
189 22955.587 1997 10005-1879-455-6417-9477-5203-9176-3478-8172-8919-2690-2315-4527-8066-9455-1607-5943-6407-1007-8481-816-3321-5226-1655-3194-9323-9957-7699-8314-4212-3090-8444-3821-4243-4320-5083-9090--10005
190 6188.107 284 10005-1892-8235-2587-1078-1786--10005
191 32701.540 1943 10005-2142-8003-9218-290-5843-4418-5807-7516-4414-9912-8158-9826-6656-4829-9206-7488-417-5906-3083-4775-4727-8839-2673-2646-7425-7540-7436-9528-4605-7670-2666-3376-5425-9424-4951-3249-8242-4954-9694-5126-3567-4792--10005
192 29853.300 1466 10005-2312-4453-7429-8187-8348-4974-7338-6582-6267-389-3224-8766-5217-7471-4863-4624-6502-6575-1557-8232-8252-9630-8262-4500-8760-1264-8400-2830--10005
193 16932.241 2000 10005-2439-2078-1696-7482-3646-4553-6996-6078-1685-6101-6391-4349-3790-6105-925-701-4803-6370-1099-2209-7851-3037-8230-3008-270-8782-3216-289-5368-8694-4902-3389-1221-8021-7070-3351-2476-7459-6275--10005
194 27630.281 1890 10005-2516-7924-3156-4509-6426-6946-4076-1358-6759-6472-5750-5676-5929-6746-4016-8337-8909-6530-2308-5892-4851-3013-9514-7219-5212-3488-9498-4367-4239-8136-9769-8596-7715--10005
195 20247.407 1977 10005-2517-924-273-7515-94-8712-5079-555-4182-8743-2894-3506-4651-4474-6249-8446-902-4558-3287-3789-5094-5917-3487-6077-3049-2254-9797-3422-1303-8254-348-5069-3641-6747-2024-9462-4234-8805--10005
196 13945.748 1328 10005-2553-7281-4492-3638-7172-505-5180-7183-5484-6282-2463-4770-5350-7678-8067-6119-3698-4712-7729-3198-5871-2050--10005
197 4460.734 526 10005-2677-2935-644-1570-8094-476-9719-5-3981-1398--10005
198 30567.486 1855 10005-2758-6392-5237-4697-6884-6770-6955-5827-5528-5198-9675-5270-9949-5661-3525-1782-3252-7262-8023-9333-2909-2905-8390-6647-2886-2483-8467-9799-4167-8212-847-3910-6882-9038--10005
199 31617.582 1677 10005-2859-5297-1046-7590-9950-5599-2322-3262-9488-1457-2053-3903-2739-7727-9127-7677-6258-5456-5551-7291-1297-1896-6773-6826-8529-5532--10005
200 9803.744 1027 10005-2863-8683-7597-8291-4409-3692-3661-547-9300-3025-2021-9979-9266-9448-517-8368-4548--10005
201 16651.922 1626 10005-3120-5345-5759-9368-5184-7314-8642-8097-8609-8910-3482-5392-5755-3239-9308-4988-1172-9648-3523-4398-2302-3400-8578-4966-7481-6191-4733-8914-7242-2747-297--10005
202 22893.726 1856 10005-3165-891-1582-1396-2036-8443-2129-1193-6292-9474-3143-1439-2631-6825-4743-1982-872-2221-4748-4309-3566-54-3041-9607-9824-2896-4099-497-8786-642-8290-6093-2761-3850-2860-9955-1589--10005
203 19846.043 1824 10005-3267-8414-3158-3501-2452-9903-4002-1101-6811-9419-3135-8707-2632-4916-1466-4784-9078-2817-3357-9678-7823-4493-7899-7773-9749-6816-5384-2132-8012-4223-685-9093-9531-6554-40-8260--10005
204 18803.669 1601 10005-3549-7839-8780-9697-9847-1722-9336-2987-6418-3102-4274-2538-5301-5144-9934-3529-6491-359-7030-5926-6257-2998-5018-3830-2444-522-7071-7143-8272-8948--10005
205 20695.013 1620 10005-3620-4098-338-4943-9342-2561-177-7111-8677-6103-1434-9135-4396-1501-7639-4220-1277-6610-7342-1484-3791-2012-7272-2204-7168-2869-6243-5398-3984-7909-9232--10005
206 14144.167 1740 10005-3629-7568-5522-2515-6691-2009-5542-6920-9989-7605-8913-7208-6854-2615-5561-5715-5172-6801-416-6871-120-5822-2418-566-3069-6927-9262-4833-6814-1757-6199-772--10005
207 17945.932 1399 10005-3719-851-8299-1612-9352-3918-314-5105-7351-9201-1373-8449-332-3279-9767-1125-5743-9651-4501-7171-7254-907-4337-7989-7880-3191-386-8170-7122--10005
208 16927.109 1670 10005-3763-9190-9972-8315-8724-986-5283-2165-8188-3615-7381-9108-5660-1474-9864-1102-2575-3383-7925-5824-219-8940-2644-9202-6212-4694-4259-3468-5575-5039-52-5915-217--10005
209 22222.512 1791 10005-4061-3841-3556-4482-6891-4679-9330-330-8790-5785-2495-8025-5347-8793-1321-3019-2665-9046-6944-6524-8452-7581-8981-2229-5648-8013-1527-9276-8357-9548-5923-7036--10005
210 19526.328 1806 10005-4106-6270-6005-3652-810-8676-1454-8225-9631-4692-3584-4774-9162-7176-7260-240-3599-5778-8108-1643-8512-1397-1604-6294-9785-1058-4998-7858-7259-2387-4860-4152-8323--10005
211 25246.774 1980 10005-4135-8035-7052-9926-9829-7479-3348-508-4592-380-422-1319-2913-118-6988-4925-7298-4075-4153-7819-7910-4580-2035-7900-8580-7566-5942-4730-2028-3243-3942-9114-2901-1600-347-9757-1278-3397-6041-4102-5953-5972-1904-4446--10005
212 14882.976 1873 10005-4466-6659-1506-6494-1023-4793-2145-4442-1585-3028-5552-1055-4962-5233-7655-4602-6677-2334-5430-5153-2637-3234-9392-374-9865-4155-3062-6244-2944-4350-6452--10005
213 30628.852 1640 10005-4688-9016-4489-9848-3713-4387-7965-1239-7705-149-2564-1737-1480-249-1255-6581-2461-3161-1790-5955-6771-3808-6627-5932-6875-6175-3702-6344-1031-6790--10005
214 20520.658 1941 10005-4735-6362-1614-2015-6729-8435-9772-929-1538-2413-5428-7153-6420-8802-5560-4131-9628-6589-4993-5201-5338-3694-8761-4184-2716-421-4740-7785-5052-8392-5208-7045-9876-4639--10005
215 28668.120 1877 10005-5141-6389-1688-5412-7472-1408-9700-804-8588-3812-8834-4734-194-7963-6976-3109-2169-4843-8424-6064-175-3953-8528-3711-1545-2143-1640-1423-8564-7595-8867-7646-9915-7068-3727--10005
216 17892.296 1124 10005-5582-7360-5930-1133-995-3128-3964-7637-3569-31-3001-8933-886-8349-5781-2063-952-222-97-4094--10005
217 12515.345 1898 10005-5881-8402-415-4262-8630-798-5684-6293-2694-5839-1331-6149-7322-6819-2006-811-5213-4873-8401-7737-1406-9074-303-5844-1371-1298-1136-321-3199-4117-4014-7898-6037--10005
218 13129.489 1675 10005-5950-9761-254-3896-9921-4581-702-7390-9187-4655-6127-449-9385-5100-8560-1005-9280-4737-2185-8985-4073-8089-7570-9003-7645-7593-1171-2566--10005
219 16871.794 1473 10005-5952-5974-6057-5260-4279-964-2955-8497-6413-5344-7946-9982-2952-2455-9889-3793-9058-4654-5210-5429-6087-2372-4335-9010-7184-1741-9610--10005
220 23416.310 1973 10005-6097-9796-5504-4845-8491-4562-1811-8220-1702-2965-8592-4520-9646-8737-3303-977-5021-1559-231-8420-6029-6505-8710-9393-3218-9325-621-2380-3350-6255-5899-3917-4089-9331-304-1532-3197-7638--10005
221 24873.420 1962 10005-6346-460-1793-6274-9133-9204-6088-9346-6564-9636-3751-3901-401-5619-9291-4214-4434-1751-5082-6416-4128-2826-1336-7188-1003-8999-7497-1828-9231-5741-4596-4571-5380-3233-4307-4978-1252-5460-2007-7010--10005
222 30272.981 1698 10005-6351-2088-887-5709-4586-1921-4949-9014-8381-7004-3274-727-8078-8688-7589-9530-2977-7934-3201-6521-6131-1093-605-8347-4517-4763-3657-4261-7653-5159-3852-1479-2543-8681--10005
223 28206.602 1685 10005-6454-5348-3771-1953-3153-716-1693-9878-994-4871-3843-1292-6040-9842-3085-78-572-2121-6552-7056-4537-2362-6152-4765-7703--10005
224 19707.815 1369 10005-6951-232-7532-2580-5855-4049-840-8644-4561-7040-8423-6642-8682-5278-8572-236-9194-3592-8180-2610-3484-9908-2275-8476-5852--10005
225 18829.604 1430 10005-7129-209-1662-160-8751-6091-853-5376-7079-4515-846-4070-3040-6528-2173-3480-1317-7157-5211-5090-3858-5922-6207-4086-5635-7980-3832--10005
226 39841.718 1985 10005-7394-8258-9328-6999-889-5061-8127-1348-7775-9555-1211-2175-485-5177-1223-7575-4422-4368-5325-4921-6475-6419-859-3301-67-1364-3302-9880-7461-7147-2981-4439-8309-4046-6281-9626-1810-1961-8718-2847-7343-6314--10005
227 24963.397 1829 10005-7465-1491-1149-7368-870-3886-2202-7746-2682-8907-3361-1861-850-8199-8822-5468-2311-6805-4175-2657-3308-7333-7145-620-664-9004-4445-3064-8292--10005
228 23460.119 1865 10005-7484-2226-6851-3205-831-5835-4275-3752-5789-6537-629-6329-2652-7076-5042-5356-195-9898-3115-6272-1901-6919-9212-4348-9456-103-76-7971-7539-1435-7270-7708-3924-8850-9322-92-8904--10005
229 29771.872 1988 10005-7627-1674-8319-3823-1419-6898-8031-6427-5326-8008-3374-3658-8231-4107-2919-6162-3572-8404-7626-6941-1197-2071-295-6992-2708-2154-1106-4222-3664-1712-8157-1854-8325-6541-9292-1370-8409-3872-5502-3310-6000-575-8457--10005
230 33698.607 1969 10005-7782-8501-1603-7764-4101-1146-2674-3481-1047-3633-8334-8101-7611-5833-2647-4674-8461-5973-3513-5303-6527-9612-1318-8417-1874-4043-5988-6306-4123-6129-8692-1385-3472-5720-3898-8665-9348-6860--10005
231 23571.617 1474 10005-7807-8059-6542-2415-720-280-6839-3231-5349-7117-457-4400-3967-9941-3457-6318-8431-1131-746-6356-6669-8425-1671-5840-962-5853--10005
232 16131.760 1606 10005-7901-7409-5044-668-4331-8320-2670-7607-4961-6217-2893-6220-8493-7707-2002-3354-1129-1284-9109-6755-6326-9065-9373-8772-1463-2134-5731--10005
233 23036.400 1947 10005-8061-1148-6364-6557-6985-8557-1415-5710-9311-7422-6493-471-2057-5791-3306-3379-73-1891-2158-5601-443-8813-2762-8300-6631-8208-4137-6590-9163-7018-1025-4913-2086-7355-6345-9867-6560-4578-7573--10005
234 33199.363 1975 10005-8181-8362-4785-4589-9175-3023-8341-3958-4572-3048-5106-903-1096-1355-5370-790-12-2339-4299-5642-1113-9573-8305-8053-2379-4081-2738-968-4640-8302-7778-5247-4108-7777-3298-5137-3178--10005
235 25799.150 1989 10005-8196-2233-538-9458-4617-3150-7734-2868-6156-3700-4163-3133-4870-4302-5999-3184-3278-2548-1511-9283-1281-6313-9285-9574-6448-3387-3892-8202-3309-6664-9110-739-3775-4790-8666-6347-2135-4062-4874-2292-8779--10005
236 17624.463 1764 10005-8361-9884-8380-4935-4047-800-2527-6858-9236-1402-2041-336-4293-6655-1990-4173-6932-8603-5727-7467-2161-9853-1935-3288-4497-8259-53-7039-5418-5907-404-8624-7252-1456-1963-6310-1477-2011-5631--10005
237 15720.219 1666 10005-8650-8284-4656-3616-6629-4900-9490-8267-6469-3609-6390-1124-5188-8271-6432-9193-6628-7804-967-1072-5927-6567-4063-7814-7288-2681-3842-1815-4202-6751-5770-5447--10005
238 10645.194 1400 10005-8819-2545-8944-4394-208-1573-2273-2349-5035-6657-4990-1411-8758-7599-6074-4869-3272-9123-1032-1785-6148-2695--10005
239 23289.794 1985 10005-8905-6515-8494-7881-2429-7810-3776-2980-6341-4963-819-9622-182-3994-9413-8506-2480-2388-2317-8416-5330-4702-4502-2918-7648-8185-2281-2342-4170-5538-71-6155-5354-6640--10005
240 20708.033 1076 10005-9087-9763-7797-3382-136-2497-2627-5693-7094-3060-8667-9781-565-3515-1320-8748-6686-418-8943-7007--10005
241 18333.579 1970 10005-9691-3370-748-4444-9650-860-4622-9492-3922-3297-915-5711-6018-4383-2780-4891-1082-4417-2421-1293-8475-4488-7553-5375-6687-6633-3271-3884-3667-2797-9836-9130-9452-5874-1175-45-2122-7236-3909-6706--10005
242 33257.964 1998 10005-9741-6788-7080-8706-402-7138-7535-9508-8373-7169-350-1566-3275-1151-5107-3799-3221-6461-6591-9936-3659-5206-8109-4847-6535-3565-2172-5663-3894-1052-1967-5241-1217-9535-8093-5189-4876-1805-6676-2235-6722-3471--10005
243 12967.234 1371 10005-9856-6160-7915-7979-4840-1105-1837-5787-252-5612-4862-9029-7728-5372-9459-8167-7780-2542-4273-7250-4766-4141-7592-8203-7318-5820-9932-1027-6720--10005
244 18530.896 1964 10005-9962-9047-8916-1900-9290-3398-8200-3312-6276-6167-4294-23-7350-2432-827-5662-6595-8440-8174-9706-5583-4664-9914-6957-1179-8870-44-3982-116-6724-1092-8987-335-713-632-9635--10005
245 32866.772 1898 10006-390-5686-1259-7724-2973-8432-7337-5529-1761-9317-9788-5363-1959-5687-4230-5229-5168-4807-7439-3907-1666-972-8964-7139-8613-1327-3520-6979-5933-4315-1075--10006
246 50161.661 1826 10006-650-2625-543-2396-7508-1012-132-824-7890-8052-8429-3690-3837-1775-2640-7771-2664-2410-3427-8405-817-4074-2807-3027-4496-9476-2656-1764-2969-9802-4801-8917-51--10006
247 30824.203 1740 10006-765-1037-1094-3715-6695-9775-6484-6222-9740-6709-9872-9502-2824-9081-9259-4985-1407-170-3000-8364-5626-9111-3955-8105-5343-6679-8691-8586-157-3735-5783-7408-4021-7501-3033-8331-2456-318-8837-2618--10006
248 19744.919 1516 10006-856-1508-2409-1575-3710-3682-7659-854-2643-9378-9520-9999-5467-4056-1147-6977-1525-7623-6534-3908-2098-3345-1608-1337-1653-7813-7044-9746-2725-5724-4901--10006
249 18910.590 1950 10006-1965-9369-4899-379-283-2686-7424-8060-3111-4091-9120-4831-3772-4007-7943-8929-6176-1868-878-7591-4192-5175-1706-4618-9044-1809-4026-793-8524-571-8674--10006
250 22246.730 1789 10006-2395-2597-9834-9951-2772-4924-7229-8037-6163-9347-7860-1531-8460-8049-1725-5723-4543-184-2482-7684-6583-2568-8218-7953-7628-9059-5959-4798-375-5646--10006
251 39075.413 1948 10006-2436-9101-6562-6885-631-1070-617-9141-2378-5415-7994-363-6237-7475-262-9624-4930-1516-7665-6178-5063-2967-5957-4685-5617-2082-7649-1676-3340-3250-6109-6868-6838-2123-8304-2195-5173-1442-8369-7875-3378-3593-3444-830-3957--10006
252 27088.495 1935 10006-2446-6030-3934-9445-5963-6434-9965-4595-1191-2711-5378-3343-5674-3380-935-6262-8652-8223-8283-2208-3693-7108-9354-9717-6707-5609-7763-1867-8854-9366-9386-5333-7544-5760-6062-5197--10006
253 36636.118 1986 10006-2511-3541-3931-5860-8028-1596-4156-2504-8815-654-6499-5600-7175-8570-9447-4672-8974-9827-9106-8118-6733-4530-6867-4432-1903-5139-1445-2257-3739-6440-7991-215-8843-7519-5742-7428-6993-3810-9119-6430-9760-7609-1229-5157-2076-1002-4566--10006
254 57328.062 1986 10006-2552-4095-5913-4514-9410-9189-526-6923-6873-196-5779-1739-3734-4687-1-8152-1606-1346-9257-579-2191-4229-8340-5886-3215-2277-398-8877-75-1374-4326-4542-4271-1033-6024-8823-8135-4401-5249-9145-4977-1048-3137-488-1260-791-6065-5475-8651--10006
255 28786.301 1979 10006-3336-1895-7907-6357-3324-2097-9718-1941-3315-5195-8190-778-5591-9659-432-871-1713-7725-239-9896-7520-2606-6182-9153-7788-539-8977-8133-3347-6912-8700-7194-8463-5426-7156--10006
256 22397.837 1864 10006-3622-9057-2199-5118-5274-4318-760-425-7688-8007-7093-7742-3121-3428-5012-7289-2434-7754-4808-7047-8194-9887-1186-492-2598-7760-8183-2693-9263-8627-9438-6812-7800-6468--10006
257 32136.049 1810 10006-3811-1734-4552-9730-7801-8298-2728-5367-8421-6027-4772-7265-3118-3129-6092-9007-9226-2775-9542-1839-7761-4357-4976-2248-2741-4423-7917-6878-7221-3043-9504-9105-6216-2721--10006
258 11068.599 933 10006-4228-6295-2457-4912-4989-8379-4965-5589-9267-1836-3486-5744-6584-3223-5331-8591--10006
259 28579.781 1946 10006-4415-5595-2959-6428-1212-5228-3952-826-7905-6150-6373-6445-9315-4242-8741-9235-9402-4288-6090-6863-8980-1176-3979-495-5937-4987-698-5897-1859-8548-2532-1526-5091-5935-8568-5863-5557-4459-7410--10006
260 29632.049 1970 10006-4714-1954-3966-9580-4033-9489-8608-5232-4661-1660-2769-2899-2416-5016-1833-8820-961-9709-3778-4938-1495-6079-5120-5618-6558-9737-3432-7816-5115-9351-1586-8213-4317-5678-7404-7393-2814-3636-9886-1275-8923-5980--10006
261 32483.527 1693 10006-4720-5888-4745-1042-5032-1200-4189-2374-8388-2358-4018-4722-2594-3391-6008-5514-7403-7949-976-9517-7128-931-3058-5495-4145-3544-8478-3273-4371-2152-3538-5960--10006
262 28221.128 1798 10006-5029-7304-6169-9030-1925-9305-8830-4607-5563-8853-8055-7954-7150-6574-4281-7781-4587-666-6289-8286-3990-7642-1931-5341-6369-7202-1848-6436-5790-8014-3507-2323-8800-8214-1980-5521-4268-2267-9092--10006
263 26622.394 955 10006-5034-9952-8716-873-1301-2964-4853-3526-5477-1651-844-7701-8991-4431-300-1441-3845-5318-1801--10006
264 26670.389 1910 10006-5221-8332-5253-4354-2083-5608-6322-662-9656-6908-2115-383-1618-8542-1403-5508-3625-5299-5024-7477-619-1118-6835-4038-7681-9319-9256-9484-7672-6813-966-4815-4416-7308--10006
265 25770.044 1967 10006-5689-3916-8163-1507-6358-7704-4280-4797-2438-3604-8378-712-102-9570-3226-7644-8685-9398-7586-197-1386-9527-2316-9578-8543-322-1168-5411-7853-3328-255-4620-7081-3612-9516-4667-1091-4461-4922-512-2513-8759-684--10006
266 28842.851 1674 10006-5831-9944-1778-4290-2206-133-7878-9209-1022-2767-3753-161-6146-3712-9334-4150-753-201-4139-3140-3655-2591-6909-108-2911-113-6050-9902-4468-6333-3681-554-7299-1536-1375--10006
267 31403.660 1431 10006-6032-9344-3865-2891-9643-467-6850-2111-8654-1649-5187-6539-2799-441-6477-4017-3056-2744-3356-625-9364-3454-8226--10006
268 22532.323 1932 10006-6215-9147-7840-4209-6455-1089-428-7608-6840-8927-2157-3708-9814-1332-1824-482-4828-1169-7444-8240-3339-4914-1363-7292-8072-5286-9045-7231-3299-1483-1020-2736-4677-6940-269-9026-1530-9541-7524-4857-7443--10006
269 41283.855 1610 10006-6465-9592-7692-6327-9669-356-3078-9810-9666-3644-5984-233-9559-2841-7866-3539-7301-9940-202-4778-6039-3423-8617-5594-1064-9118-1016-8697-6931-7307-9367--10006
270 31244.510 1830 10006-6467-3670-723-8215-4200-2320-8239-9056-4628-4560-686-3429-1893-3740-9116-4906-2786-4068-6504-2960-3385-4504-5628-7460-1248-6833-4162-7959-5284-9733-7193-7850-3006-4959-2310-7207-1704-3167-6085-7870-1410-9376-8908-879-7449-6981--10006
271 19679.320 1312 10006-6613-8434-797-3002-5474-446-6519-480-3077-4342-8450-8589-2055-9050-9758-8901-6914-9515-2791-3072-2356-6376-9146--10006
272 19606.692 1734 10006-7132-6571-8968-7922-6670-7478-9179-6576-9969-3189-6443-5267-8789-667-1130-225-6702-7412-9862-117-6862-2968-3200-7278-5482-2812-7720-1161-9585-6731-7633--10006
273 27646.986 1739 10006-7489-3349-2205-7-5645-4343-4247-2124-3835-5087-9564-9843-660-8329-1992-1156-7119-9893-1902-2573-1214-8618-9349-8495-32-3737-528-6031-9157-6248-914-7803-1120-2052-6727-327-2579-306-8176-8554--10006
274 26481.336 1987 10006-7811-1984-9288-2087-9028-7753-8565-7336-3856-7757-738-9711-9296-773-9054-7296-5650-6229-1942-8210-7452-3264-4710-4599-3439-1568-6245-9009-3459-1288-7090-4269-1132-8879-5472-5239-7921-6749-6471-9426-9403-2822-7383-7675--10006
275 31773.153 1932 10006-8015-18-641-5023-6786-3963-6800-3113-7700-7179-3163-921-7445-1636-6757-5946-7941-3116-8656-2560-8077-3677-7352-3236-6396-6991-3154-4754-3578-2126-2405-7988-3588-6540-2481--10006
276 26009.221 1704 10006-8044-6956-2151-4609-1897-7224-430-6226-6384-2019-939-9229-678-6525-9620-6238-3695-2360-6508-5219-883-9649-6792-9172-4455-9200-8100-5245-1095-4910-1341-6425-3081-2363-7131-343--10006
277 32363.427 1984 10006-8046-8492-4875-8346-6208-9994-326-7074-4227-101-9850-6865-8962-2588-2503-3369-3650-2838-5314-7073-8545-6201-1966-372-1414-9313-1870-9129-6367-7230-7140-7641-8098-1465-9729-9358-6806-1392-8804-2581-6210--10006
278 24847.331 1549 10006-8065-7284-7135-3731-5766-3685-7656-6241-923-9482-8458-1738-622-1969-5124-5493-3648-3871-3575-7437-7667-5488-8438-3914-9804-2465-560--10006
279 32897.061 1337 10006-8241-5623-9307-7683-6872-4716-1137-5459-5443-9396-4666-7440-8411-4480-4347-9495-1677-4926-1267-16-5110-2582-893-5656-502-7755-9851--10006
280 21345.612 1591 10006-8316-2906-4133-454-9919-3500-6134-9042-147-6022-2502-2377-205-553-3948-1165-6330-556-9759-8649-6716-567-7999-3699-7276-4911-407-9722-8623--10006
281 16867.235 1427 10006-8516-6526-5150-7738-726-433-4053-1842-730-7808-6740-47-1587-6019-1399-7332-8965-7415-2136-6918-144-5181-187-3675-2570-2056-2188--10006
282 18852.085 1929 10006-8720-1806-1021-1779-1991-4760-6829-4427-6013-8678-8774-8151-9071-9550-4791-6354-9676-7327-4818-2558-706-1251-4105-152-7904-9783-3031-6304-4218-2617-1219-4330-3406-3596--10006
283 21217.852 1447 10006-8785-8559-5629-1273-2920-3857-658-5119-8091-4701-1018-1369-6223-5142-932-260-799-9563-552-69-841-6915-6572-4188-1231-6375-5970-6271--10006
284 22881.718 1386 10006-8806-5681-6140-169-268-7743-7682-970-2331-2120-3725-5962-9981-4764-8637-1580-9708-3061-5207-2706-6974-2300-8986--10006
285 41648.185 1988 10006-9040-8294-1808-5547-2562-7512-2407-9960-6254-9803-6173-6250-6098-8253-762-1088-3403-4255-5655-2544-4252-6650-6621-9968-1054-238-6497-1286-6159-7032-5764-6998-2431-3726-1207-9787-2500-200-5829-6025-6690-364-3192-4174-6555-8042-2168--10006
286 17626.379 1775 10006-9503-4554-3517-6125-4032-5281-7717-922-2266-861-3881-3245-6122-5530-3503-7476-2885-6383-2974-5007-7821-4362-48-4443-8088-1315-6142-9812-9835-9852-8687--10006
287 39957.341 1989 10006-9591-869-3266-4498-4490-5166-2399-9143-6903-167-8959-5606-2768-4682-5275-1343-5848-5519-6400-5966-1063-8738-2714-7859-4535-3253-4460-3999-3320-9532-8521-292-1112-3452-4010-2258-2976-4850-9976-7190-919-648-9112-7275--10006
288 22713.480 1552 10006-9724-9213-8868-7867-8137-1673-3754-9538-7768-6319-1590-8328-987-9177-5423-1010-7827-5056-296-6614-591-6986-1755-3296-1167-9272-3335--10006
289 41017.386 1988 10006-9773-2131-8345-2004-7721-6164-4619-3082-5611-6546-7620-9387-7313-3721-1103-6359-6187-5729-5958-8465-8731-9778-2524-9140-5050-988-3632-6795-8139-4463-1926-725-5794-9075-9529-266-3329-5716-9918-2307-4868-5597-8897--10006
290 19121.781 1097 10006-9828-230-8041-7253-532-4631-2393-3807-4648-1452-875-3797-5697-9689-3833-9076-2357-9653-6619-6824-4495-2866-1478-3209-7321-3603--10006
291 27154.658 1961 10006-9875-1800-8824-5062-5156-606-4881-2350-628-8026-4931-9913-2689-6841-4420-3498-5066-3585-5291-8655-4718-4779-2842-3494-2892-2794-2127-6523-9450-3392-9391-3270-1209-9461-581-5830-1936-2189-6982-3540-525--10006
292 20918.166 959 10006-9923-1736-11-7722-5507-2105-5639-4104-7503-7092-4147-1821-1872-7542-2698-1265-6782-7903-7115-6080--10006
293 18786.587 1038 10006-9929-4058-578-8377-2020-7709-9632-4699-3394-6110-7562-3183-2048-9409-8281-6168-3996-7060-66-5122-8509-9990-5811-3769--10006
